# Lambda = J
# Method = Paper construction; border permutation (0, 1, 2, 4, 3, 5); negated the distinguished all-ones block of Sigma
# Rank_5 = 11
# pi(0) = 6040
# pi(1) = 12970
# Symmetric = True
1 -1 1 1 -1 1 1 -1 -1 1 -1 1 0 0 1 1 0 0 0 0 -1 0 1 1 0 0 1 -1 -1 1 0 1 -1 -1 1
-1 1 -1 1 1 1 1 1 -1 -1 1 -1 1 0 0 0 1 0 0 0 0 -1 0 1 1 1 0 1 -1 -1 0 1 -1 -1 1
1 -1 1 -1 1 -1 1 1 1 -1 0 1 -1 1 0 0 0 1 0 0 1 0 -1 0 1 -1 1 0 1 -1 0 1 -1 -1 1
1 1 -1 1 -1 -1 -1 1 1 1 0 0 1 -1 1 0 0 0 1 0 1 1 0 -1 0 -1 -1 1 0 1 0 1 -1 -1 1
-1 1 1 -1 1 1 -1 -1 1 1 1 0 0 1 -1 0 0 0 0 1 0 1 1 0 -1 1 -1 -1 1 0 0 1 -1 -1 1
1 1 -1 -1 1 -1 1 0 0 1 1 0 0 0 0 -1 0 1 1 0 1 -1 1 1 -1 0 1 -1 -1 1 1 0 1 -1 -1
1 1 1 -1 -1 1 -1 1 0 0 0 1 0 0 0 0 -1 0 1 1 -1 1 -1 1 1 1 0 1 -1 -1 1 0 1 -1 -1
-1 1 1 1 -1 0 1 -1 1 0 0 0 1 0 0 1 0 -1 0 1 1 -1 1 -1 1 -1 1 0 1 -1 1 0 1 -1 -1
-1 -1 1 1 1 0 0 1 -1 1 0 0 0 1 0 1 1 0 -1 0 1 1 -1 1 -1 -1 -1 1 0 1 1 0 1 -1 -1
1 -1 -1 1 1 1 0 0 1 -1 0 0 0 0 1 0 1 1 0 -1 -1 1 1 -1 1 1 -1 -1 1 0 1 0 1 -1 -1
-1 1 0 0 1 1 0 0 0 0 -1 0 1 1 0 1 -1 1 1 -1 1 1 -1 -1 1 0 1 -1 -1 1 -1 1 0 1 -1
1 -1 1 0 0 0 1 0 0 0 0 -1 0 1 1 -1 1 -1 1 1 1 1 1 -1 -1 1 0 1 -1 -1 -1 1 0 1 -1
0 1 -1 1 0 0 0 1 0 0 1 0 -1 0 1 1 -1 1 -1 1 -1 1 1 1 -1 -1 1 0 1 -1 -1 1 0 1 -1
0 0 1 -1 1 0 0 0 1 0 1 1 0 -1 0 1 1 -1 1 -1 -1 -1 1 1 1 -1 -1 1 0 1 -1 1 0 1 -1
1 0 0 1 -1 0 0 0 0 1 0 1 1 0 -1 -1 1 1 -1 1 1 -1 -1 1 1 1 -1 -1 1 0 -1 1 0 1 -1
1 0 0 0 0 -1 0 1 1 0 1 -1 1 1 -1 1 1 -1 -1 1 -1 1 0 0 1 0 1 -1 -1 1 1 -1 -1 1 0
0 1 0 0 0 0 -1 0 1 1 -1 1 -1 1 1 1 1 1 -1 -1 1 -1 1 0 0 1 0 1 -1 -1 1 -1 -1 1 0
0 0 1 0 0 1 0 -1 0 1 1 -1 1 -1 1 -1 1 1 1 -1 0 1 -1 1 0 -1 1 0 1 -1 1 -1 -1 1 0
0 0 0 1 0 1 1 0 -1 0 1 1 -1 1 -1 -1 -1 1 1 1 0 0 1 -1 1 -1 -1 1 0 1 1 -1 -1 1 0
0 0 0 0 1 0 1 1 0 -1 -1 1 1 -1 1 1 -1 -1 1 1 1 0 0 1 -1 1 -1 -1 1 0 1 -1 -1 1 0
-1 0 1 1 0 1 -1 1 1 -1 1 1 -1 -1 1 -1 1 0 0 1 1 0 0 0 0 0 1 -1 -1 1 -1 -1 1 0 1
0 -1 0 1 1 -1 1 -1 1 1 1 1 1 -1 -1 1 -1 1 0 0 0 1 0 0 0 1 0 1 -1 -1 -1 -1 1 0 1
1 0 -1 0 1 1 -1 1 -1 1 -1 1 1 1 -1 0 1 -1 1 0 0 0 1 0 0 -1 1 0 1 -1 -1 -1 1 0 1
1 1 0 -1 0 1 1 -1 1 -1 -1 -1 1 1 1 0 0 1 -1 1 0 0 0 1 0 -1 -1 1 0 1 -1 -1 1 0 1
0 1 1 0 -1 -1 1 1 -1 1 1 -1 -1 1 1 1 0 0 1 -1 0 0 0 0 1 1 -1 -1 1 0 -1 -1 1 0 1
0 1 -1 -1 1 0 1 -1 -1 1 0 1 -1 -1 1 0 1 -1 -1 1 0 1 -1 -1 1 -1 -1 -1 -1 -1 0 0 0 0 0
1 0 1 -1 -1 1 0 1 -1 -1 1 0 1 -1 -1 1 0 1 -1 -1 1 0 1 -1 -1 -1 -1 -1 -1 -1 0 0 0 0 0
-1 1 0 1 -1 -1 1 0 1 -1 -1 1 0 1 -1 -1 1 0 1 -1 -1 1 0 1 -1 -1 -1 -1 -1 -1 0 0 0 0 0
-1 -1 1 0 1 -1 -1 1 0 1 -1 -1 1 0 1 -1 -1 1 0 1 -1 -1 1 0 1 -1 -1 -1 -1 -1 0 0 0 0 0
1 -1 -1 1 0 1 -1 -1 1 0 1 -1 -1 1 0 1 -1 -1 1 0 1 -1 -1 1 0 -1 -1 -1 -1 -1 0 0 0 0 0
0 0 0 0 0 1 1 1 1 1 -1 -1 -1 -1 -1 1 1 1 1 1 -1 -1 -1 -1 -1 0 0 0 0 0 1 1 1 1 1
1 1 1 1 1 0 0 0 0 0 1 1 1 1 1 -1 -1 -1 -1 -1 -1 -1 -1 -1 -1 0 0 0 0 0 1 1 1 1 1
-1 -1 -1 -1 -1 1 1 1 1 1 0 0 0 0 0 -1 -1 -1 -1 -1 1 1 1 1 1 0 0 0 0 0 1 1 1 1 1
-1 -1 -1 -1 -1 -1 -1 -1 -1 -1 1 1 1 1 1 1 1 1 1 1 0 0 0 0 0 0 0 0 0 0 1 1 1 1 1
1 1 1 1 1 -1 -1 -1 -1 -1 -1 -1 -1 -1 -1 0 0 0 0 0 1 1 1 1 1 0 0 0 0 0 1 1 1 1 1
