# Lambda = 0
# Method = Paper construction; border permutation (0, 1, 3, 4, 2, 5); no block negations
# Rank_5 = 13
# pi(0) = 6975
# pi(1) = 12615
# Symmetric = True
0 -1 1 1 -1 0 1 1 -1 -1 -1 0 0 0 1 1 -1 0 1 -1 1 0 1 -1 -1 0 0 -1 0 1 1 1 1 1 1
-1 0 -1 1 1 -1 0 1 1 -1 1 -1 0 0 0 -1 1 -1 0 1 -1 1 0 1 -1 1 0 0 -1 0 1 1 1 1 1
1 -1 0 -1 1 -1 -1 0 1 1 0 1 -1 0 0 1 -1 1 -1 0 -1 -1 1 0 1 0 1 0 0 -1 1 1 1 1 1
1 1 -1 0 -1 1 -1 -1 0 1 0 0 1 -1 0 0 1 -1 1 -1 1 -1 -1 1 0 -1 0 1 0 0 1 1 1 1 1
-1 1 1 -1 0 1 1 -1 -1 0 0 0 0 1 -1 -1 0 1 -1 1 0 1 -1 -1 1 0 -1 0 1 0 1 1 1 1 1
0 -1 -1 1 1 1 0 0 0 0 1 1 -1 1 -1 -1 1 1 1 -1 1 -1 1 0 0 1 -1 0 1 0 0 1 -1 -1 1
1 0 -1 -1 1 0 1 0 0 0 -1 1 1 -1 1 -1 -1 1 1 1 0 1 -1 1 0 0 1 -1 0 1 0 1 -1 -1 1
1 1 0 -1 -1 0 0 1 0 0 1 -1 1 1 -1 1 -1 -1 1 1 0 0 1 -1 1 1 0 1 -1 0 0 1 -1 -1 1
-1 1 1 0 -1 0 0 0 1 0 -1 1 -1 1 1 1 1 -1 -1 1 1 0 0 1 -1 0 1 0 1 -1 0 1 -1 -1 1
-1 -1 1 1 0 0 0 0 0 1 1 -1 1 -1 1 1 1 1 -1 -1 -1 1 0 0 1 -1 0 1 0 1 0 1 -1 -1 1
-1 1 0 0 0 1 -1 1 -1 1 1 1 -1 -1 1 0 0 -1 1 1 -1 0 1 0 1 0 0 -1 1 1 -1 1 0 1 -1
0 -1 1 0 0 1 1 -1 1 -1 1 1 1 -1 -1 1 0 0 -1 1 1 -1 0 1 0 1 0 0 -1 1 -1 1 0 1 -1
0 0 -1 1 0 -1 1 1 -1 1 -1 1 1 1 -1 1 1 0 0 -1 0 1 -1 0 1 1 1 0 0 -1 -1 1 0 1 -1
0 0 0 -1 1 1 -1 1 1 -1 -1 -1 1 1 1 -1 1 1 0 0 1 0 1 -1 0 -1 1 1 0 0 -1 1 0 1 -1
1 0 0 0 -1 -1 1 -1 1 1 1 -1 -1 1 1 0 -1 1 1 0 0 1 0 1 -1 0 -1 1 1 0 -1 1 0 1 -1
1 -1 1 0 -1 -1 -1 1 1 1 0 1 1 -1 0 -1 1 0 0 1 1 1 0 -1 0 1 -1 0 1 0 -1 -1 1 0 1
-1 1 -1 1 0 1 -1 -1 1 1 0 0 1 1 -1 1 -1 1 0 0 0 1 1 0 -1 0 1 -1 0 1 -1 -1 1 0 1
0 -1 1 -1 1 1 1 -1 -1 1 -1 0 0 1 1 0 1 -1 1 0 -1 0 1 1 0 1 0 1 -1 0 -1 -1 1 0 1
1 0 -1 1 -1 1 1 1 -1 -1 1 -1 0 0 1 0 0 1 -1 1 0 -1 0 1 1 0 1 0 1 -1 -1 -1 1 0 1
-1 1 0 -1 1 -1 1 1 1 -1 1 1 -1 0 0 1 0 0 1 -1 1 0 -1 0 1 -1 0 1 0 1 -1 -1 1 0 1
1 -1 -1 1 0 1 0 0 1 -1 -1 1 0 1 0 1 0 -1 0 1 -1 1 0 0 1 -1 -1 1 1 1 1 0 1 -1 -1
0 1 -1 -1 1 -1 1 0 0 1 0 -1 1 0 1 1 1 0 -1 0 1 -1 1 0 0 1 -1 -1 1 1 1 0 1 -1 -1
1 0 1 -1 -1 1 -1 1 0 0 1 0 -1 1 0 0 1 1 0 -1 0 1 -1 1 0 1 1 -1 -1 1 1 0 1 -1 -1
-1 1 0 1 -1 0 1 -1 1 0 0 1 0 -1 1 -1 0 1 1 0 0 0 1 -1 1 1 1 1 -1 -1 1 0 1 -1 -1
-1 -1 1 0 1 0 0 1 -1 1 1 0 1 0 -1 0 -1 0 1 1 1 0 0 1 -1 -1 1 1 1 -1 1 0 1 -1 -1
0 1 0 -1 0 1 0 1 0 -1 0 1 1 -1 0 1 0 1 0 -1 -1 1 1 1 -1 1 -1 1 1 -1 1 -1 -1 1 0
0 0 1 0 -1 -1 1 0 1 0 0 0 1 1 -1 -1 1 0 1 0 -1 -1 1 1 1 -1 1 -1 1 1 1 -1 -1 1 0
-1 0 0 1 0 0 -1 1 0 1 -1 0 0 1 1 0 -1 1 0 1 1 -1 -1 1 1 1 -1 1 -1 1 1 -1 -1 1 0
0 -1 0 0 1 1 0 -1 1 0 1 -1 0 0 1 1 0 -1 1 0 1 1 -1 -1 1 1 1 -1 1 -1 1 -1 -1 1 0
1 0 -1 0 0 0 1 0 -1 1 1 1 -1 0 0 0 1 0 -1 1 1 1 1 -1 -1 -1 1 1 -1 1 1 -1 -1 1 0
1 1 1 1 1 0 0 0 0 0 -1 -1 -1 -1 -1 -1 -1 -1 -1 -1 1 1 1 1 1 1 1 1 1 1 0 0 0 0 0
1 1 1 1 1 1 1 1 1 1 1 1 1 1 1 -1 -1 -1 -1 -1 0 0 0 0 0 -1 -1 -1 -1 -1 0 0 0 0 0
1 1 1 1 1 -1 -1 -1 -1 -1 0 0 0 0 0 1 1 1 1 1 1 1 1 1 1 -1 -1 -1 -1 -1 0 0 0 0 0
1 1 1 1 1 -1 -1 -1 -1 -1 1 1 1 1 1 0 0 0 0 0 -1 -1 -1 -1 -1 1 1 1 1 1 0 0 0 0 0
1 1 1 1 1 1 1 1 1 1 -1 -1 -1 -1 -1 1 1 1 1 1 -1 -1 -1 -1 -1 0 0 0 0 0 0 0 0 0 0
