# Lambda = 0
# Method = Paper construction; border permutation (0, 1, 2, 3, 5, 4); no block negations
# Rank_5 = 15
# pi(0) = 6830
# pi(1) = 12670
# Symmetric = True
0 -1 1 1 -1 0 1 1 -1 -1 -1 0 0 0 1 1 -1 0 1 -1 1 0 1 -1 -1 0 0 -1 0 1 1 1 1 1 1
-1 0 -1 1 1 -1 0 1 1 -1 1 -1 0 0 0 -1 1 -1 0 1 -1 1 0 1 -1 1 0 0 -1 0 1 1 1 1 1
1 -1 0 -1 1 -1 -1 0 1 1 0 1 -1 0 0 1 -1 1 -1 0 -1 -1 1 0 1 0 1 0 0 -1 1 1 1 1 1
1 1 -1 0 -1 1 -1 -1 0 1 0 0 1 -1 0 0 1 -1 1 -1 1 -1 -1 1 0 -1 0 1 0 0 1 1 1 1 1
-1 1 1 -1 0 1 1 -1 -1 0 0 0 0 1 -1 -1 0 1 -1 1 0 1 -1 -1 1 0 -1 0 1 0 1 1 1 1 1
0 -1 -1 1 1 1 0 0 0 0 1 1 -1 1 -1 -1 1 1 1 -1 1 -1 1 0 0 1 -1 0 1 0 0 1 -1 -1 1
1 0 -1 -1 1 0 1 0 0 0 -1 1 1 -1 1 -1 -1 1 1 1 0 1 -1 1 0 0 1 -1 0 1 0 1 -1 -1 1
1 1 0 -1 -1 0 0 1 0 0 1 -1 1 1 -1 1 -1 -1 1 1 0 0 1 -1 1 1 0 1 -1 0 0 1 -1 -1 1
-1 1 1 0 -1 0 0 0 1 0 -1 1 -1 1 1 1 1 -1 -1 1 1 0 0 1 -1 0 1 0 1 -1 0 1 -1 -1 1
-1 -1 1 1 0 0 0 0 0 1 1 -1 1 -1 1 1 1 1 -1 -1 -1 1 0 0 1 -1 0 1 0 1 0 1 -1 -1 1
-1 1 0 0 0 1 -1 1 -1 1 1 1 -1 -1 1 0 0 -1 1 1 -1 0 1 0 1 0 0 -1 1 1 1 0 1 -1 -1
0 -1 1 0 0 1 1 -1 1 -1 1 1 1 -1 -1 1 0 0 -1 1 1 -1 0 1 0 1 0 0 -1 1 1 0 1 -1 -1
0 0 -1 1 0 -1 1 1 -1 1 -1 1 1 1 -1 1 1 0 0 -1 0 1 -1 0 1 1 1 0 0 -1 1 0 1 -1 -1
0 0 0 -1 1 1 -1 1 1 -1 -1 -1 1 1 1 -1 1 1 0 0 1 0 1 -1 0 -1 1 1 0 0 1 0 1 -1 -1
1 0 0 0 -1 -1 1 -1 1 1 1 -1 -1 1 1 0 -1 1 1 0 0 1 0 1 -1 0 -1 1 1 0 1 0 1 -1 -1
1 -1 1 0 -1 -1 -1 1 1 1 0 1 1 -1 0 -1 1 0 0 1 1 1 0 -1 0 1 -1 0 1 0 -1 1 0 1 -1
-1 1 -1 1 0 1 -1 -1 1 1 0 0 1 1 -1 1 -1 1 0 0 0 1 1 0 -1 0 1 -1 0 1 -1 1 0 1 -1
0 -1 1 -1 1 1 1 -1 -1 1 -1 0 0 1 1 0 1 -1 1 0 -1 0 1 1 0 1 0 1 -1 0 -1 1 0 1 -1
1 0 -1 1 -1 1 1 1 -1 -1 1 -1 0 0 1 0 0 1 -1 1 0 -1 0 1 1 0 1 0 1 -1 -1 1 0 1 -1
-1 1 0 -1 1 -1 1 1 1 -1 1 1 -1 0 0 1 0 0 1 -1 1 0 -1 0 1 -1 0 1 0 1 -1 1 0 1 -1
1 -1 -1 1 0 1 0 0 1 -1 -1 1 0 1 0 1 0 -1 0 1 -1 1 0 0 1 -1 -1 1 1 1 1 -1 -1 1 0
0 1 -1 -1 1 -1 1 0 0 1 0 -1 1 0 1 1 1 0 -1 0 1 -1 1 0 0 1 -1 -1 1 1 1 -1 -1 1 0
1 0 1 -1 -1 1 -1 1 0 0 1 0 -1 1 0 0 1 1 0 -1 0 1 -1 1 0 1 1 -1 -1 1 1 -1 -1 1 0
-1 1 0 1 -1 0 1 -1 1 0 0 1 0 -1 1 -1 0 1 1 0 0 0 1 -1 1 1 1 1 -1 -1 1 -1 -1 1 0
-1 -1 1 0 1 0 0 1 -1 1 1 0 1 0 -1 0 -1 0 1 1 1 0 0 1 -1 -1 1 1 1 -1 1 -1 -1 1 0
0 1 0 -1 0 1 0 1 0 -1 0 1 1 -1 0 1 0 1 0 -1 -1 1 1 1 -1 1 -1 1 1 -1 -1 -1 1 0 1
0 0 1 0 -1 -1 1 0 1 0 0 0 1 1 -1 -1 1 0 1 0 -1 -1 1 1 1 -1 1 -1 1 1 -1 -1 1 0 1
-1 0 0 1 0 0 -1 1 0 1 -1 0 0 1 1 0 -1 1 0 1 1 -1 -1 1 1 1 -1 1 -1 1 -1 -1 1 0 1
0 -1 0 0 1 1 0 -1 1 0 1 -1 0 0 1 1 0 -1 1 0 1 1 -1 -1 1 1 1 -1 1 -1 -1 -1 1 0 1
1 0 -1 0 0 0 1 0 -1 1 1 1 -1 0 0 0 1 0 -1 1 1 1 1 -1 -1 -1 1 1 -1 1 -1 -1 1 0 1
1 1 1 1 1 0 0 0 0 0 1 1 1 1 1 -1 -1 -1 -1 -1 1 1 1 1 1 -1 -1 -1 -1 -1 0 0 0 0 0
1 1 1 1 1 1 1 1 1 1 0 0 0 0 0 1 1 1 1 1 -1 -1 -1 -1 -1 -1 -1 -1 -1 -1 0 0 0 0 0
1 1 1 1 1 -1 -1 -1 -1 -1 1 1 1 1 1 0 0 0 0 0 -1 -1 -1 -1 -1 1 1 1 1 1 0 0 0 0 0
1 1 1 1 1 -1 -1 -1 -1 -1 -1 -1 -1 -1 -1 1 1 1 1 1 1 1 1 1 1 0 0 0 0 0 0 0 0 0 0
1 1 1 1 1 1 1 1 1 1 -1 -1 -1 -1 -1 -1 -1 -1 -1 -1 0 0 0 0 0 1 1 1 1 1 0 0 0 0 0
