# Lambda = signed rank-one (J-equivalent)
# Method = Found by re-banding the 25|5|5 split
# Rank_5 = 12
# pi(0) = 7057
# pi(1) = 12582
# Symmetric = False
# top-left 30x30 is a 6x6 array of circulants = False
# 25x25 block: r_0 = 4, rho = 1, rank(25I - S S^T) = 8
1 -1 1 1 -1 1 1 -1 -1 1 -1 1 0 0 1 1 0 0 0 0 -1 0 1 1 0 1 1 1 1 0 -1 -1 -1 -1 0
-1 1 -1 1 1 1 1 1 -1 -1 1 -1 1 0 0 0 1 0 0 0 0 -1 0 1 1 1 -1 -1 0 1 -1 -1 -1 -1 0
1 -1 1 -1 1 -1 1 1 1 -1 0 1 -1 1 0 0 0 1 0 0 1 0 -1 0 1 -1 1 0 -1 1 -1 -1 -1 -1 0
1 1 -1 1 -1 -1 -1 1 1 1 0 0 1 -1 1 0 0 0 1 0 1 1 0 -1 0 -1 0 -1 1 -1 -1 -1 -1 -1 0
-1 1 1 -1 1 1 -1 -1 1 1 1 0 0 1 -1 0 0 0 0 1 0 1 1 0 -1 0 -1 1 -1 -1 -1 -1 -1 -1 0
1 1 -1 -1 1 -1 1 0 0 1 1 0 0 0 0 -1 0 1 1 0 1 -1 1 1 -1 1 1 1 1 0 -1 0 1 1 -1
1 1 1 -1 -1 1 -1 1 0 0 0 1 0 0 0 0 -1 0 1 1 -1 1 -1 1 1 1 -1 -1 0 1 -1 0 1 1 -1
-1 1 1 1 -1 0 1 -1 1 0 0 0 1 0 0 1 0 -1 0 1 1 -1 1 -1 1 -1 1 0 -1 1 -1 0 1 1 -1
-1 -1 1 1 1 0 0 1 -1 1 0 0 0 1 0 1 1 0 -1 0 1 1 -1 1 -1 -1 0 -1 1 -1 -1 0 1 1 -1
1 -1 -1 1 1 1 0 0 1 -1 0 0 0 0 1 0 1 1 0 -1 -1 1 1 -1 1 0 -1 1 -1 -1 -1 0 1 1 -1
-1 1 0 0 1 1 0 0 0 0 -1 0 1 1 0 1 -1 1 1 -1 1 1 -1 -1 1 1 1 1 1 0 0 1 -1 1 1
1 -1 1 0 0 0 1 0 0 0 0 -1 0 1 1 -1 1 -1 1 1 1 1 1 -1 -1 1 -1 -1 0 1 0 1 -1 1 1
0 1 -1 1 0 0 0 1 0 0 1 0 -1 0 1 1 -1 1 -1 1 -1 1 1 1 -1 -1 1 0 -1 1 0 1 -1 1 1
0 0 1 -1 1 0 0 0 1 0 1 1 0 -1 0 1 1 -1 1 -1 -1 -1 1 1 1 -1 0 -1 1 -1 0 1 -1 1 1
1 0 0 1 -1 0 0 0 0 1 0 1 1 0 -1 -1 1 1 -1 1 1 -1 -1 1 1 0 -1 1 -1 -1 0 1 -1 1 1
1 0 0 0 0 -1 0 1 1 0 1 -1 1 1 -1 1 1 -1 -1 1 -1 1 0 0 1 1 1 1 1 0 1 -1 1 0 1
0 1 0 0 0 0 -1 0 1 1 -1 1 -1 1 1 1 1 1 -1 -1 1 -1 1 0 0 1 -1 -1 0 1 1 -1 1 0 1
0 0 1 0 0 1 0 -1 0 1 1 -1 1 -1 1 -1 1 1 1 -1 0 1 -1 1 0 -1 1 0 -1 1 1 -1 1 0 1
0 0 0 1 0 1 1 0 -1 0 1 1 -1 1 -1 -1 -1 1 1 1 0 0 1 -1 1 -1 0 -1 1 -1 1 -1 1 0 1
0 0 0 0 1 0 1 1 0 -1 -1 1 1 -1 1 1 -1 -1 1 1 1 0 0 1 -1 0 -1 1 -1 -1 1 -1 1 0 1
-1 0 1 1 0 1 -1 1 1 -1 1 1 -1 -1 1 -1 1 0 0 1 1 0 0 0 0 1 1 1 1 0 1 1 0 -1 -1
0 -1 0 1 1 -1 1 -1 1 1 1 1 1 -1 -1 1 -1 1 0 0 0 1 0 0 0 1 -1 -1 0 1 1 1 0 -1 -1
1 0 -1 0 1 1 -1 1 -1 1 -1 1 1 1 -1 0 1 -1 1 0 0 0 1 0 0 -1 1 0 -1 1 1 1 0 -1 -1
1 1 0 -1 0 1 1 -1 1 -1 -1 -1 1 1 1 0 0 1 -1 1 0 0 0 1 0 -1 0 -1 1 -1 1 1 0 -1 -1
0 1 1 0 -1 -1 1 1 -1 1 1 -1 -1 1 1 1 0 0 1 -1 0 0 0 0 1 0 -1 1 -1 -1 1 1 0 -1 -1
1 1 -1 0 -1 1 1 -1 0 -1 1 1 -1 0 -1 1 1 -1 0 -1 1 1 -1 0 -1 -1 -1 1 1 1 0 0 0 0 0
1 -1 1 -1 0 1 -1 1 -1 0 1 -1 1 -1 0 1 -1 1 -1 0 1 -1 1 -1 0 -1 -1 1 1 1 0 0 0 0 0
1 -1 0 1 -1 1 -1 0 1 -1 1 -1 0 1 -1 1 -1 0 1 -1 1 -1 0 1 -1 1 1 -1 -1 -1 0 0 0 0 0
1 0 -1 -1 1 1 0 -1 -1 1 1 0 -1 -1 1 1 0 -1 -1 1 1 0 -1 -1 1 1 1 -1 -1 -1 0 0 0 0 0
0 1 1 -1 -1 0 1 1 -1 -1 0 1 1 -1 -1 0 1 1 -1 -1 0 1 1 -1 -1 1 1 -1 -1 -1 0 0 0 0 0
-1 -1 -1 -1 -1 -1 -1 -1 -1 -1 0 0 0 0 0 1 1 1 1 1 1 1 1 1 1 0 0 0 0 0 -1 1 1 -1 1
-1 -1 -1 -1 -1 0 0 0 0 0 1 1 1 1 1 1 1 1 1 1 -1 -1 -1 -1 -1 0 0 0 0 0 1 -1 -1 1 -1
-1 -1 -1 -1 -1 1 1 1 1 1 -1 -1 -1 -1 -1 0 0 0 0 0 1 1 1 1 1 0 0 0 0 0 1 -1 -1 1 -1
-1 -1 -1 -1 -1 1 1 1 1 1 1 1 1 1 1 -1 -1 -1 -1 -1 0 0 0 0 0 0 0 0 0 0 -1 1 1 -1 1
0 0 0 0 0 -1 -1 -1 -1 -1 1 1 1 1 1 -1 -1 -1 -1 -1 1 1 1 1 1 0 0 0 0 0 1 -1 -1 1 -1
