# Lambda = 0
# Method = Found by re-banding the 25|5|5 split
# Rank_5 = 13
# pi(0) = 7392
# pi(1) = 12912
# Symmetric = True
# top-left 30x30 is a 6x6 array of circulants = False
# 25x25 block: r_0 = 4, rho = 1, rank(25I - S S^T) = 8
1 -1 1 1 -1 1 1 -1 -1 1 -1 1 0 0 1 1 0 0 0 0 -1 0 1 1 0 1 1 1 1 0 -1 -1 -1 -1 0
-1 1 -1 1 1 1 1 1 -1 -1 1 -1 1 0 0 0 1 0 0 0 0 -1 0 1 1 1 -1 -1 0 1 -1 -1 -1 -1 0
1 -1 1 -1 1 -1 1 1 1 -1 0 1 -1 1 0 0 0 1 0 0 1 0 -1 0 1 -1 1 0 -1 1 -1 -1 -1 -1 0
1 1 -1 1 -1 -1 -1 1 1 1 0 0 1 -1 1 0 0 0 1 0 1 1 0 -1 0 -1 0 -1 1 -1 -1 -1 -1 -1 0
-1 1 1 -1 1 1 -1 -1 1 1 1 0 0 1 -1 0 0 0 0 1 0 1 1 0 -1 0 -1 1 -1 -1 -1 -1 -1 -1 0
1 1 -1 -1 1 -1 1 0 0 1 1 0 0 0 0 -1 0 1 1 0 1 -1 1 1 -1 1 1 1 1 0 -1 0 1 1 -1
1 1 1 -1 -1 1 -1 1 0 0 0 1 0 0 0 0 -1 0 1 1 -1 1 -1 1 1 1 -1 -1 0 1 -1 0 1 1 -1
-1 1 1 1 -1 0 1 -1 1 0 0 0 1 0 0 1 0 -1 0 1 1 -1 1 -1 1 -1 1 0 -1 1 -1 0 1 1 -1
-1 -1 1 1 1 0 0 1 -1 1 0 0 0 1 0 1 1 0 -1 0 1 1 -1 1 -1 -1 0 -1 1 -1 -1 0 1 1 -1
1 -1 -1 1 1 1 0 0 1 -1 0 0 0 0 1 0 1 1 0 -1 -1 1 1 -1 1 0 -1 1 -1 -1 -1 0 1 1 -1
-1 1 0 0 1 1 0 0 0 0 -1 0 1 1 0 1 -1 1 1 -1 1 1 -1 -1 1 1 1 1 1 0 0 1 -1 1 1
1 -1 1 0 0 0 1 0 0 0 0 -1 0 1 1 -1 1 -1 1 1 1 1 1 -1 -1 1 -1 -1 0 1 0 1 -1 1 1
0 1 -1 1 0 0 0 1 0 0 1 0 -1 0 1 1 -1 1 -1 1 -1 1 1 1 -1 -1 1 0 -1 1 0 1 -1 1 1
0 0 1 -1 1 0 0 0 1 0 1 1 0 -1 0 1 1 -1 1 -1 -1 -1 1 1 1 -1 0 -1 1 -1 0 1 -1 1 1
1 0 0 1 -1 0 0 0 0 1 0 1 1 0 -1 -1 1 1 -1 1 1 -1 -1 1 1 0 -1 1 -1 -1 0 1 -1 1 1
1 0 0 0 0 -1 0 1 1 0 1 -1 1 1 -1 1 1 -1 -1 1 -1 1 0 0 1 1 1 1 1 0 1 -1 1 0 1
0 1 0 0 0 0 -1 0 1 1 -1 1 -1 1 1 1 1 1 -1 -1 1 -1 1 0 0 1 -1 -1 0 1 1 -1 1 0 1
0 0 1 0 0 1 0 -1 0 1 1 -1 1 -1 1 -1 1 1 1 -1 0 1 -1 1 0 -1 1 0 -1 1 1 -1 1 0 1
0 0 0 1 0 1 1 0 -1 0 1 1 -1 1 -1 -1 -1 1 1 1 0 0 1 -1 1 -1 0 -1 1 -1 1 -1 1 0 1
0 0 0 0 1 0 1 1 0 -1 -1 1 1 -1 1 1 -1 -1 1 1 1 0 0 1 -1 0 -1 1 -1 -1 1 -1 1 0 1
-1 0 1 1 0 1 -1 1 1 -1 1 1 -1 -1 1 -1 1 0 0 1 1 0 0 0 0 1 1 1 1 0 1 1 0 -1 -1
0 -1 0 1 1 -1 1 -1 1 1 1 1 1 -1 -1 1 -1 1 0 0 0 1 0 0 0 1 -1 -1 0 1 1 1 0 -1 -1
1 0 -1 0 1 1 -1 1 -1 1 -1 1 1 1 -1 0 1 -1 1 0 0 0 1 0 0 -1 1 0 -1 1 1 1 0 -1 -1
1 1 0 -1 0 1 1 -1 1 -1 -1 -1 1 1 1 0 0 1 -1 1 0 0 0 1 0 -1 0 -1 1 -1 1 1 0 -1 -1
0 1 1 0 -1 -1 1 1 -1 1 1 -1 -1 1 1 1 0 0 1 -1 0 0 0 0 1 0 -1 1 -1 -1 1 1 0 -1 -1
1 1 -1 -1 0 1 1 -1 -1 0 1 1 -1 -1 0 1 1 -1 -1 0 1 1 -1 -1 0 0 0 0 0 0 -1 1 1 -1 1
1 -1 1 0 -1 1 -1 1 0 -1 1 -1 1 0 -1 1 -1 1 0 -1 1 -1 1 0 -1 0 0 0 0 0 -1 1 1 -1 1
1 -1 0 -1 1 1 -1 0 -1 1 1 -1 0 -1 1 1 -1 0 -1 1 1 -1 0 -1 1 0 0 0 0 0 1 -1 -1 1 -1
1 0 -1 1 -1 1 0 -1 1 -1 1 0 -1 1 -1 1 0 -1 1 -1 1 0 -1 1 -1 0 0 0 0 0 1 -1 -1 1 -1
0 1 1 -1 -1 0 1 1 -1 -1 0 1 1 -1 -1 0 1 1 -1 -1 0 1 1 -1 -1 0 0 0 0 0 1 -1 -1 1 -1
-1 -1 -1 -1 -1 -1 -1 -1 -1 -1 0 0 0 0 0 1 1 1 1 1 1 1 1 1 1 -1 -1 1 1 1 0 0 0 0 0
-1 -1 -1 -1 -1 0 0 0 0 0 1 1 1 1 1 -1 -1 -1 -1 -1 1 1 1 1 1 1 1 -1 -1 -1 0 0 0 0 0
-1 -1 -1 -1 -1 1 1 1 1 1 -1 -1 -1 -1 -1 1 1 1 1 1 0 0 0 0 0 1 1 -1 -1 -1 0 0 0 0 0
-1 -1 -1 -1 -1 1 1 1 1 1 1 1 1 1 1 0 0 0 0 0 -1 -1 -1 -1 -1 -1 -1 1 1 1 0 0 0 0 0
0 0 0 0 0 -1 -1 -1 -1 -1 1 1 1 1 1 1 1 1 1 1 -1 -1 -1 -1 -1 1 1 -1 -1 -1 0 0 0 0 0
