# Core = III
# Source = core003
# Lambda = J
# Diagonal fingerprint = J:11111
# Origin = paper Appendix D
# Relation = canonical catalogue core
1 -1 1 1 -1 1 1 -1 -1 1 -1 1 0 0 1 1 0 0 0 0 -1 0 1 1 0 0 1 -1 -1 1
-1 1 -1 1 1 1 1 1 -1 -1 1 -1 1 0 0 0 1 0 0 0 0 -1 0 1 1 1 0 1 -1 -1
1 -1 1 -1 1 -1 1 1 1 -1 0 1 -1 1 0 0 0 1 0 0 1 0 -1 0 1 -1 1 0 1 -1
1 1 -1 1 -1 -1 -1 1 1 1 0 0 1 -1 1 0 0 0 1 0 1 1 0 -1 0 -1 -1 1 0 1
-1 1 1 -1 1 1 -1 -1 1 1 1 0 0 1 -1 0 0 0 0 1 0 1 1 0 -1 1 -1 -1 1 0
1 1 -1 -1 1 -1 1 0 0 1 1 0 0 0 0 -1 0 1 1 0 1 -1 1 1 -1 0 1 -1 -1 1
1 1 1 -1 -1 1 -1 1 0 0 0 1 0 0 0 0 -1 0 1 1 -1 1 -1 1 1 1 0 1 -1 -1
-1 1 1 1 -1 0 1 -1 1 0 0 0 1 0 0 1 0 -1 0 1 1 -1 1 -1 1 -1 1 0 1 -1
-1 -1 1 1 1 0 0 1 -1 1 0 0 0 1 0 1 1 0 -1 0 1 1 -1 1 -1 -1 -1 1 0 1
1 -1 -1 1 1 1 0 0 1 -1 0 0 0 0 1 0 1 1 0 -1 -1 1 1 -1 1 1 -1 -1 1 0
-1 1 0 0 1 1 0 0 0 0 -1 0 1 1 0 1 -1 1 1 -1 1 1 -1 -1 1 0 1 -1 -1 1
1 -1 1 0 0 0 1 0 0 0 0 -1 0 1 1 -1 1 -1 1 1 1 1 1 -1 -1 1 0 1 -1 -1
0 1 -1 1 0 0 0 1 0 0 1 0 -1 0 1 1 -1 1 -1 1 -1 1 1 1 -1 -1 1 0 1 -1
0 0 1 -1 1 0 0 0 1 0 1 1 0 -1 0 1 1 -1 1 -1 -1 -1 1 1 1 -1 -1 1 0 1
1 0 0 1 -1 0 0 0 0 1 0 1 1 0 -1 -1 1 1 -1 1 1 -1 -1 1 1 1 -1 -1 1 0
1 0 0 0 0 -1 0 1 1 0 1 -1 1 1 -1 1 1 -1 -1 1 -1 1 0 0 1 0 1 -1 -1 1
0 1 0 0 0 0 -1 0 1 1 -1 1 -1 1 1 1 1 1 -1 -1 1 -1 1 0 0 1 0 1 -1 -1
0 0 1 0 0 1 0 -1 0 1 1 -1 1 -1 1 -1 1 1 1 -1 0 1 -1 1 0 -1 1 0 1 -1
0 0 0 1 0 1 1 0 -1 0 1 1 -1 1 -1 -1 -1 1 1 1 0 0 1 -1 1 -1 -1 1 0 1
0 0 0 0 1 0 1 1 0 -1 -1 1 1 -1 1 1 -1 -1 1 1 1 0 0 1 -1 1 -1 -1 1 0
-1 0 1 1 0 1 -1 1 1 -1 1 1 -1 -1 1 -1 1 0 0 1 1 0 0 0 0 0 1 -1 -1 1
0 -1 0 1 1 -1 1 -1 1 1 1 1 1 -1 -1 1 -1 1 0 0 0 1 0 0 0 1 0 1 -1 -1
1 0 -1 0 1 1 -1 1 -1 1 -1 1 1 1 -1 0 1 -1 1 0 0 0 1 0 0 -1 1 0 1 -1
1 1 0 -1 0 1 1 -1 1 -1 -1 -1 1 1 1 0 0 1 -1 1 0 0 0 1 0 -1 -1 1 0 1
0 1 1 0 -1 -1 1 1 -1 1 1 -1 -1 1 1 1 0 0 1 -1 0 0 0 0 1 1 -1 -1 1 0
0 1 -1 -1 1 0 1 -1 -1 1 0 1 -1 -1 1 0 1 -1 -1 1 0 1 -1 -1 1 1 1 1 1 1
1 0 1 -1 -1 1 0 1 -1 -1 1 0 1 -1 -1 1 0 1 -1 -1 1 0 1 -1 -1 1 1 1 1 1
-1 1 0 1 -1 -1 1 0 1 -1 -1 1 0 1 -1 -1 1 0 1 -1 -1 1 0 1 -1 1 1 1 1 1
-1 -1 1 0 1 -1 -1 1 0 1 -1 -1 1 0 1 -1 -1 1 0 1 -1 -1 1 0 1 1 1 1 1 1
1 -1 -1 1 0 1 -1 -1 1 0 1 -1 -1 1 0 1 -1 -1 1 0 1 -1 -1 1 0 1 1 1 1 1
