# Core = IIIn
# Source = derived from core003
# Lambda = J
# Diagonal fingerprint = J:11111
# Origin = core III with its distinguished 5x5 block negated
# Relation = negated core variant used by the completion catalogue
1 -1 1 1 -1 1 1 -1 -1 1 -1 1 0 0 1 1 0 0 0 0 -1 0 1 1 0 0 1 -1 -1 1
-1 1 -1 1 1 1 1 1 -1 -1 1 -1 1 0 0 0 1 0 0 0 0 -1 0 1 1 1 0 1 -1 -1
1 -1 1 -1 1 -1 1 1 1 -1 0 1 -1 1 0 0 0 1 0 0 1 0 -1 0 1 -1 1 0 1 -1
1 1 -1 1 -1 -1 -1 1 1 1 0 0 1 -1 1 0 0 0 1 0 1 1 0 -1 0 -1 -1 1 0 1
-1 1 1 -1 1 1 -1 -1 1 1 1 0 0 1 -1 0 0 0 0 1 0 1 1 0 -1 1 -1 -1 1 0
1 1 -1 -1 1 -1 1 0 0 1 1 0 0 0 0 -1 0 1 1 0 1 -1 1 1 -1 0 1 -1 -1 1
1 1 1 -1 -1 1 -1 1 0 0 0 1 0 0 0 0 -1 0 1 1 -1 1 -1 1 1 1 0 1 -1 -1
-1 1 1 1 -1 0 1 -1 1 0 0 0 1 0 0 1 0 -1 0 1 1 -1 1 -1 1 -1 1 0 1 -1
-1 -1 1 1 1 0 0 1 -1 1 0 0 0 1 0 1 1 0 -1 0 1 1 -1 1 -1 -1 -1 1 0 1
1 -1 -1 1 1 1 0 0 1 -1 0 0 0 0 1 0 1 1 0 -1 -1 1 1 -1 1 1 -1 -1 1 0
-1 1 0 0 1 1 0 0 0 0 -1 0 1 1 0 1 -1 1 1 -1 1 1 -1 -1 1 0 1 -1 -1 1
1 -1 1 0 0 0 1 0 0 0 0 -1 0 1 1 -1 1 -1 1 1 1 1 1 -1 -1 1 0 1 -1 -1
0 1 -1 1 0 0 0 1 0 0 1 0 -1 0 1 1 -1 1 -1 1 -1 1 1 1 -1 -1 1 0 1 -1
0 0 1 -1 1 0 0 0 1 0 1 1 0 -1 0 1 1 -1 1 -1 -1 -1 1 1 1 -1 -1 1 0 1
1 0 0 1 -1 0 0 0 0 1 0 1 1 0 -1 -1 1 1 -1 1 1 -1 -1 1 1 1 -1 -1 1 0
1 0 0 0 0 -1 0 1 1 0 1 -1 1 1 -1 1 1 -1 -1 1 -1 1 0 0 1 0 1 -1 -1 1
0 1 0 0 0 0 -1 0 1 1 -1 1 -1 1 1 1 1 1 -1 -1 1 -1 1 0 0 1 0 1 -1 -1
0 0 1 0 0 1 0 -1 0 1 1 -1 1 -1 1 -1 1 1 1 -1 0 1 -1 1 0 -1 1 0 1 -1
0 0 0 1 0 1 1 0 -1 0 1 1 -1 1 -1 -1 -1 1 1 1 0 0 1 -1 1 -1 -1 1 0 1
0 0 0 0 1 0 1 1 0 -1 -1 1 1 -1 1 1 -1 -1 1 1 1 0 0 1 -1 1 -1 -1 1 0
-1 0 1 1 0 1 -1 1 1 -1 1 1 -1 -1 1 -1 1 0 0 1 1 0 0 0 0 0 1 -1 -1 1
0 -1 0 1 1 -1 1 -1 1 1 1 1 1 -1 -1 1 -1 1 0 0 0 1 0 0 0 1 0 1 -1 -1
1 0 -1 0 1 1 -1 1 -1 1 -1 1 1 1 -1 0 1 -1 1 0 0 0 1 0 0 -1 1 0 1 -1
1 1 0 -1 0 1 1 -1 1 -1 -1 -1 1 1 1 0 0 1 -1 1 0 0 0 1 0 -1 -1 1 0 1
0 1 1 0 -1 -1 1 1 -1 1 1 -1 -1 1 1 1 0 0 1 -1 0 0 0 0 1 1 -1 -1 1 0
0 1 -1 -1 1 0 1 -1 -1 1 0 1 -1 -1 1 0 1 -1 -1 1 0 1 -1 -1 1 -1 -1 -1 -1 -1
1 0 1 -1 -1 1 0 1 -1 -1 1 0 1 -1 -1 1 0 1 -1 -1 1 0 1 -1 -1 -1 -1 -1 -1 -1
-1 1 0 1 -1 -1 1 0 1 -1 -1 1 0 1 -1 -1 1 0 1 -1 -1 1 0 1 -1 -1 -1 -1 -1 -1
-1 -1 1 0 1 -1 -1 1 0 1 -1 -1 1 0 1 -1 -1 1 0 1 -1 -1 1 0 1 -1 -1 -1 -1 -1
1 -1 -1 1 0 1 -1 -1 1 0 1 -1 -1 1 0 1 -1 -1 1 0 1 -1 -1 1 0 -1 -1 -1 -1 -1
