# Core = IV
# Source = core004
# Lambda = 0
# Diagonal fingerprint = Z2:11120
# Origin = paper Appendix B
# Relation = gauge-equivalent to core I
0 -1 1 1 -1 -1 -1 0 1 1 -1 0 0 0 1 -1 0 1 0 0 -1 0 1 -1 1 -1 -1 1 0 1
-1 0 -1 1 1 1 -1 -1 0 1 1 -1 0 0 0 0 -1 0 1 0 1 -1 0 1 -1 1 -1 -1 1 0
1 -1 0 -1 1 1 1 -1 -1 0 0 1 -1 0 0 0 0 -1 0 1 -1 1 -1 0 1 0 1 -1 -1 1
1 1 -1 0 -1 0 1 1 -1 -1 0 0 1 -1 0 1 0 0 -1 0 1 -1 1 -1 0 1 0 1 -1 -1
-1 1 1 -1 0 -1 0 1 1 -1 0 0 0 1 -1 0 1 0 0 -1 0 1 -1 1 -1 -1 1 0 1 -1
-1 1 1 0 -1 1 0 0 0 0 -1 1 -1 1 1 0 1 -1 0 1 1 -1 -1 1 1 1 -1 1 0 0
-1 -1 1 1 0 0 1 0 0 0 1 -1 1 -1 1 1 0 1 -1 0 1 1 -1 -1 1 0 1 -1 1 0
0 -1 -1 1 1 0 0 1 0 0 1 1 -1 1 -1 0 1 0 1 -1 1 1 1 -1 -1 0 0 1 -1 1
1 0 -1 -1 1 0 0 0 1 0 -1 1 1 -1 1 -1 0 1 0 1 -1 1 1 1 -1 1 0 0 1 -1
1 1 0 -1 -1 0 0 0 0 1 1 -1 1 1 -1 1 -1 0 1 0 -1 -1 1 1 1 -1 1 0 0 1
-1 1 0 0 0 -1 1 1 -1 1 1 1 -1 -1 1 -1 1 1 0 0 0 -1 1 1 0 0 1 -1 0 1
0 -1 1 0 0 1 -1 1 1 -1 1 1 1 -1 -1 0 -1 1 1 0 0 0 -1 1 1 1 0 1 -1 0
0 0 -1 1 0 -1 1 -1 1 1 -1 1 1 1 -1 0 0 -1 1 1 1 0 0 -1 1 0 1 0 1 -1
0 0 0 -1 1 1 -1 1 -1 1 -1 -1 1 1 1 1 0 0 -1 1 1 1 0 0 -1 -1 0 1 0 1
1 0 0 0 -1 1 1 -1 1 -1 1 -1 -1 1 1 1 1 0 0 -1 -1 1 1 0 0 1 -1 0 1 0
-1 0 0 1 0 0 1 0 -1 1 -1 0 0 1 1 1 -1 1 1 -1 -1 1 0 1 0 1 1 1 -1 -1
0 -1 0 0 1 1 0 1 0 -1 1 -1 0 0 1 -1 1 -1 1 1 0 -1 1 0 1 -1 1 1 1 -1
1 0 -1 0 0 -1 1 0 1 0 1 1 -1 0 0 1 -1 1 -1 1 1 0 -1 1 0 -1 -1 1 1 1
0 1 0 -1 0 0 -1 1 0 1 0 1 1 -1 0 1 1 -1 1 -1 0 1 0 -1 1 1 -1 -1 1 1
0 0 1 0 -1 1 0 -1 1 0 0 0 1 1 -1 -1 1 1 -1 1 1 0 1 0 -1 1 1 -1 -1 1
-1 1 -1 1 0 1 1 1 -1 -1 0 0 1 1 -1 -1 0 1 0 1 -1 1 0 0 1 0 -1 0 1 1
0 -1 1 -1 1 -1 1 1 1 -1 -1 0 0 1 1 1 -1 0 1 0 1 -1 1 0 0 1 0 -1 0 1
1 0 -1 1 -1 -1 -1 1 1 1 1 -1 0 0 1 0 1 -1 0 1 0 1 -1 1 0 1 1 0 -1 0
-1 1 0 -1 1 1 -1 -1 1 1 1 1 -1 0 0 1 0 1 -1 0 0 0 1 -1 1 0 1 1 0 -1
1 -1 1 0 -1 1 1 -1 -1 1 0 1 1 -1 0 0 1 0 1 -1 1 0 0 1 -1 -1 0 1 1 0
-1 1 0 1 -1 1 0 0 1 -1 0 1 0 -1 1 1 -1 -1 1 1 0 1 1 0 -1 -1 1 0 0 1
-1 -1 1 0 1 -1 1 0 0 1 1 0 1 0 -1 1 1 -1 -1 1 -1 0 1 1 0 1 -1 1 0 0
1 -1 -1 1 0 1 -1 1 0 0 -1 1 0 1 0 1 1 1 -1 -1 0 -1 0 1 1 0 1 -1 1 0
0 1 -1 -1 1 0 1 -1 1 0 0 -1 1 0 1 -1 1 1 1 -1 1 0 -1 0 1 0 0 1 -1 1
1 0 1 -1 -1 0 0 1 -1 1 1 0 -1 1 0 -1 -1 1 1 1 1 1 0 -1 0 1 0 0 1 -1
