# Core = IX
# Source = core009
# Lambda = 0
# Diagonal fingerprint = Z1:01211
# Origin = hunt lam=0 cand=10
# Relation = canonical catalogue core
0 1 -1 -1 1 -1 0 1 0 0 -1 -1 1 1 0 -1 1 0 0 0 -1 -1 1 0 1 -1 0 1 -1 1
1 0 1 -1 -1 0 -1 0 1 0 0 -1 -1 1 1 0 -1 1 0 0 1 -1 -1 1 0 1 -1 0 1 -1
-1 1 0 1 -1 0 0 -1 0 1 1 0 -1 -1 1 0 0 -1 1 0 0 1 -1 -1 1 -1 1 -1 0 1
-1 -1 1 0 1 1 0 0 -1 0 1 1 0 -1 -1 0 0 0 -1 1 1 0 1 -1 -1 1 -1 1 -1 0
1 -1 -1 1 0 0 1 0 0 -1 -1 1 1 0 -1 1 0 0 0 -1 -1 1 0 1 -1 0 1 -1 1 -1
-1 0 0 1 0 1 1 -1 -1 1 -1 0 1 0 1 0 1 -1 1 0 0 -1 0 1 1 1 -1 1 1 -1
0 -1 0 0 1 1 1 1 -1 -1 1 -1 0 1 0 0 0 1 -1 1 1 0 -1 0 1 -1 1 -1 1 1
1 0 -1 0 0 -1 1 1 1 -1 0 1 -1 0 1 1 0 0 1 -1 1 1 0 -1 0 1 -1 1 -1 1
0 1 0 -1 0 -1 -1 1 1 1 1 0 1 -1 0 -1 1 0 0 1 0 1 1 0 -1 1 1 -1 1 -1
0 0 1 0 -1 1 -1 -1 1 1 0 1 0 1 -1 1 -1 1 0 0 -1 0 1 1 0 -1 1 1 -1 1
-1 0 1 1 -1 -1 1 0 1 0 1 -1 1 1 -1 1 1 0 0 -1 1 -1 1 0 0 1 0 -1 0 1
-1 -1 0 1 1 0 -1 1 0 1 -1 1 -1 1 1 -1 1 1 0 0 0 1 -1 1 0 1 1 0 -1 0
1 -1 -1 0 1 1 0 -1 1 0 1 -1 1 -1 1 0 -1 1 1 0 0 0 1 -1 1 0 1 1 0 -1
1 1 -1 -1 0 0 1 0 -1 1 1 1 -1 1 -1 0 0 -1 1 1 1 0 0 1 -1 -1 0 1 1 0
0 1 1 -1 -1 1 0 1 0 -1 -1 1 1 -1 1 1 0 0 -1 1 -1 1 0 0 1 0 -1 0 1 1
-1 0 0 0 1 0 0 1 -1 1 1 -1 0 0 1 1 -1 1 1 -1 -1 1 1 1 -1 0 -1 0 1 1
1 -1 0 0 0 1 0 0 1 -1 1 1 -1 0 0 -1 1 -1 1 1 -1 -1 1 1 1 1 0 -1 0 1
0 1 -1 0 0 -1 1 0 0 1 0 1 1 -1 0 1 -1 1 -1 1 1 -1 -1 1 1 1 1 0 -1 0
0 0 1 -1 0 1 -1 1 0 0 0 0 1 1 -1 1 1 -1 1 -1 1 1 -1 -1 1 0 1 1 0 -1
0 0 0 1 -1 0 1 -1 1 0 -1 0 0 1 1 -1 1 1 -1 1 1 1 1 -1 -1 -1 0 1 1 0
-1 1 0 1 -1 0 1 1 0 -1 1 0 0 1 -1 -1 -1 1 1 1 -1 1 0 0 1 1 0 1 0 -1
-1 -1 1 0 1 -1 0 1 1 0 -1 1 0 0 1 1 -1 -1 1 1 1 -1 1 0 0 -1 1 0 1 0
1 -1 -1 1 0 0 -1 0 1 1 1 -1 1 0 0 1 1 -1 -1 1 0 1 -1 1 0 0 -1 1 0 1
0 1 -1 -1 1 1 0 -1 0 1 0 1 -1 1 0 1 1 1 -1 -1 0 0 1 -1 1 1 0 -1 1 0
1 0 1 -1 -1 1 1 0 -1 0 0 0 1 -1 1 -1 1 1 1 -1 1 0 0 1 -1 0 1 0 -1 1
-1 1 -1 1 0 1 -1 1 1 -1 1 1 0 -1 0 0 1 1 0 -1 1 -1 0 1 0 -1 0 1 1 0
0 -1 1 -1 1 -1 1 -1 1 1 0 1 1 0 -1 -1 0 1 1 0 0 1 -1 0 1 0 -1 0 1 1
1 0 -1 1 -1 1 -1 1 -1 1 -1 0 1 1 0 0 -1 0 1 1 1 0 1 -1 0 1 0 -1 0 1
-1 1 0 -1 1 1 1 -1 1 -1 0 -1 0 1 1 1 0 -1 0 1 0 1 0 1 -1 1 1 0 -1 0
1 -1 1 0 -1 -1 1 1 -1 1 1 0 -1 0 1 1 1 0 -1 0 -1 0 1 0 1 0 1 1 0 -1
