# Core = V
# Source = core005
# Lambda = 0
# Diagonal fingerprint = Z1:10220
# Origin = paper Appendix C
# Relation = gauge-equivalent to core II
0 1 -1 -1 1 -1 1 -1 1 0 -1 1 0 0 0 -1 0 0 1 0 -1 -1 1 0 1 -1 -1 1 1 0
1 0 1 -1 -1 0 -1 1 -1 1 0 -1 1 0 0 0 -1 0 0 1 1 -1 -1 1 0 0 -1 -1 1 1
-1 1 0 1 -1 1 0 -1 1 -1 0 0 -1 1 0 1 0 -1 0 0 0 1 -1 -1 1 1 0 -1 -1 1
-1 -1 1 0 1 -1 1 0 -1 1 0 0 0 -1 1 0 1 0 -1 0 1 0 1 -1 -1 1 1 0 -1 -1
1 -1 -1 1 0 1 -1 1 0 -1 1 0 0 0 -1 0 0 1 0 -1 -1 1 0 1 -1 -1 1 1 0 -1
-1 0 1 -1 1 1 0 0 0 0 -1 -1 1 1 1 -1 0 1 1 0 -1 1 -1 1 1 1 1 0 0 -1
1 -1 0 1 -1 0 1 0 0 0 1 -1 -1 1 1 0 -1 0 1 1 1 -1 1 -1 1 -1 1 1 0 0
-1 1 -1 0 1 0 0 1 0 0 1 1 -1 -1 1 1 0 -1 0 1 1 1 -1 1 -1 0 -1 1 1 0
1 -1 1 -1 0 0 0 0 1 0 1 1 1 -1 -1 1 1 0 -1 0 -1 1 1 -1 1 0 0 -1 1 1
0 1 -1 1 -1 0 0 0 0 1 -1 1 1 1 -1 0 1 1 0 -1 1 -1 1 1 -1 1 0 0 -1 1
-1 0 0 0 1 -1 1 1 1 -1 1 -1 1 1 -1 0 0 -1 1 1 0 0 1 1 -1 0 1 -1 0 1
1 -1 0 0 0 -1 -1 1 1 1 -1 1 -1 1 1 1 0 0 -1 1 -1 0 0 1 1 1 0 1 -1 0
0 1 -1 0 0 1 -1 -1 1 1 1 -1 1 -1 1 1 1 0 0 -1 1 -1 0 0 1 0 1 0 1 -1
0 0 1 -1 0 1 1 -1 -1 1 1 1 -1 1 -1 -1 1 1 0 0 1 1 -1 0 0 -1 0 1 0 1
0 0 0 1 -1 1 1 1 -1 -1 -1 1 1 -1 1 0 -1 1 1 0 0 1 1 -1 0 1 -1 0 1 0
-1 0 1 0 0 -1 0 1 1 0 0 1 1 -1 0 1 -1 1 1 -1 1 0 -1 0 1 -1 1 1 -1 1
0 -1 0 1 0 0 -1 0 1 1 0 0 1 1 -1 -1 1 -1 1 1 1 1 0 -1 0 1 -1 1 1 -1
0 0 -1 0 1 1 0 -1 0 1 -1 0 0 1 1 1 -1 1 -1 1 0 1 1 0 -1 -1 1 -1 1 1
1 0 0 -1 0 1 1 0 -1 0 1 -1 0 0 1 1 1 -1 1 -1 -1 0 1 1 0 1 -1 1 -1 1
0 1 0 0 -1 0 1 1 0 -1 1 1 -1 0 0 -1 1 1 -1 1 0 -1 0 1 1 1 1 -1 1 -1
-1 1 0 1 -1 -1 1 1 -1 1 0 -1 1 1 0 1 1 0 -1 0 -1 1 0 0 1 -1 0 1 1 0
-1 -1 1 0 1 1 -1 1 1 -1 0 0 -1 1 1 0 1 1 0 -1 1 -1 1 0 0 0 -1 0 1 1
1 -1 -1 1 0 -1 1 -1 1 1 1 0 0 -1 1 -1 0 1 1 0 0 1 -1 1 0 1 0 -1 0 1
0 1 -1 -1 1 1 -1 1 -1 1 1 1 0 0 -1 0 -1 0 1 1 0 0 1 -1 1 1 1 0 -1 0
1 0 1 -1 -1 1 1 -1 1 -1 -1 1 1 0 0 1 0 -1 0 1 1 0 0 1 -1 0 1 1 0 -1
-1 0 1 1 -1 1 -1 0 0 1 0 1 0 -1 1 -1 1 -1 1 1 -1 0 1 1 0 -1 1 0 0 1
-1 -1 0 1 1 1 1 -1 0 0 1 0 1 0 -1 1 -1 1 -1 1 0 -1 0 1 1 1 -1 1 0 0
1 -1 -1 0 1 0 1 1 -1 0 -1 1 0 1 0 1 1 -1 1 -1 1 0 -1 0 1 0 1 -1 1 0
1 1 -1 -1 0 0 0 1 1 -1 0 -1 1 0 1 -1 1 1 -1 1 1 1 0 -1 0 0 0 1 -1 1
0 1 1 -1 -1 -1 0 0 1 1 1 0 -1 1 0 1 -1 1 1 -1 0 1 1 0 -1 1 0 0 1 -1
