# Core = VII
# Source = core007
# Lambda = 0
# Diagonal fingerprint = Z0:11111
# Origin = hunt lam=0 cand=3
# Relation = canonical catalogue core
0 0 0 0 0 -1 -1 1 0 1 -1 -1 1 0 1 -1 -1 1 0 1 -1 -1 1 0 1 -1 -1 1 0 1
0 0 0 0 0 1 -1 -1 1 0 1 -1 -1 1 0 1 -1 -1 1 0 1 -1 -1 1 0 1 -1 -1 1 0
0 0 0 0 0 0 1 -1 -1 1 0 1 -1 -1 1 0 1 -1 -1 1 0 1 -1 -1 1 0 1 -1 -1 1
0 0 0 0 0 1 0 1 -1 -1 1 0 1 -1 -1 1 0 1 -1 -1 1 0 1 -1 -1 1 0 1 -1 -1
0 0 0 0 0 -1 1 0 1 -1 -1 1 0 1 -1 -1 1 0 1 -1 -1 1 0 1 -1 -1 1 0 1 -1
-1 1 0 1 -1 1 0 0 0 0 -1 1 0 0 1 -1 0 1 1 0 1 -1 1 1 -1 1 1 -1 -1 1
-1 -1 1 0 1 0 1 0 0 0 1 -1 1 0 0 0 -1 0 1 1 -1 1 -1 1 1 1 1 1 -1 -1
1 -1 -1 1 0 0 0 1 0 0 0 1 -1 1 0 1 0 -1 0 1 1 -1 1 -1 1 -1 1 1 1 -1
0 1 -1 -1 1 0 0 0 1 0 0 0 1 -1 1 1 1 0 -1 0 1 1 -1 1 -1 -1 -1 1 1 1
1 0 1 -1 -1 0 0 0 0 1 1 0 0 1 -1 0 1 1 0 -1 -1 1 1 -1 1 1 -1 -1 1 1
-1 1 0 1 -1 -1 1 0 0 1 1 1 -1 -1 1 1 0 0 0 0 -1 0 1 1 0 1 -1 1 1 -1
-1 -1 1 0 1 1 -1 1 0 0 1 1 1 -1 -1 0 1 0 0 0 0 -1 0 1 1 -1 1 -1 1 1
1 -1 -1 1 0 0 1 -1 1 0 -1 1 1 1 -1 0 0 1 0 0 1 0 -1 0 1 1 -1 1 -1 1
0 1 -1 -1 1 0 0 1 -1 1 -1 -1 1 1 1 0 0 0 1 0 1 1 0 -1 0 1 1 -1 1 -1
1 0 1 -1 -1 1 0 0 1 -1 1 -1 -1 1 1 0 0 0 0 1 0 1 1 0 -1 -1 1 1 -1 1
-1 1 0 1 -1 -1 0 1 1 0 1 0 0 0 0 1 -1 1 1 -1 1 1 -1 -1 1 -1 1 0 0 1
-1 -1 1 0 1 0 -1 0 1 1 0 1 0 0 0 -1 1 -1 1 1 1 1 1 -1 -1 1 -1 1 0 0
1 -1 -1 1 0 1 0 -1 0 1 0 0 1 0 0 1 -1 1 -1 1 -1 1 1 1 -1 0 1 -1 1 0
0 1 -1 -1 1 1 1 0 -1 0 0 0 0 1 0 1 1 -1 1 -1 -1 -1 1 1 1 0 0 1 -1 1
1 0 1 -1 -1 0 1 1 0 -1 0 0 0 0 1 -1 1 1 -1 1 1 -1 -1 1 1 1 0 0 1 -1
-1 1 0 1 -1 1 -1 1 1 -1 -1 0 1 1 0 1 1 -1 -1 1 -1 1 0 0 1 1 0 0 0 0
-1 -1 1 0 1 -1 1 -1 1 1 0 -1 0 1 1 1 1 1 -1 -1 1 -1 1 0 0 0 1 0 0 0
1 -1 -1 1 0 1 -1 1 -1 1 1 0 -1 0 1 -1 1 1 1 -1 0 1 -1 1 0 0 0 1 0 0
0 1 -1 -1 1 1 1 -1 1 -1 1 1 0 -1 0 -1 -1 1 1 1 0 0 1 -1 1 0 0 0 1 0
1 0 1 -1 -1 -1 1 1 -1 1 0 1 1 0 -1 1 -1 -1 1 1 1 0 0 1 -1 0 0 0 0 1
-1 1 0 1 -1 1 1 -1 -1 1 1 -1 1 1 -1 -1 1 0 0 1 1 0 0 0 0 -1 0 1 1 0
-1 -1 1 0 1 1 1 1 -1 -1 -1 1 -1 1 1 1 -1 1 0 0 0 1 0 0 0 0 -1 0 1 1
1 -1 -1 1 0 -1 1 1 1 -1 1 -1 1 -1 1 0 1 -1 1 0 0 0 1 0 0 1 0 -1 0 1
0 1 -1 -1 1 -1 -1 1 1 1 1 1 -1 1 -1 0 0 1 -1 1 0 0 0 1 0 1 1 0 -1 0
1 0 1 -1 -1 1 -1 -1 1 1 -1 1 1 -1 1 1 0 0 1 -1 0 0 0 0 1 0 1 1 0 -1
