# Core = VIII
# Source = core008
# Lambda = 0
# Diagonal fingerprint = Z1:10220
# Origin = hunt lam=0 cand=9
# Relation = gauge/Galois-equivalent to core II
0 1 -1 -1 1 -1 0 1 -1 1 -1 0 0 0 1 -1 0 1 0 0 -1 -1 0 1 1 -1 -1 1 0 1
1 0 1 -1 -1 1 -1 0 1 -1 1 -1 0 0 0 0 -1 0 1 0 1 -1 -1 0 1 1 -1 -1 1 0
-1 1 0 1 -1 -1 1 -1 0 1 0 1 -1 0 0 0 0 -1 0 1 1 1 -1 -1 0 0 1 -1 -1 1
-1 -1 1 0 1 1 -1 1 -1 0 0 0 1 -1 0 1 0 0 -1 0 0 1 1 -1 -1 1 0 1 -1 -1
1 -1 -1 1 0 0 1 -1 1 -1 0 0 0 1 -1 0 1 0 0 -1 -1 0 1 1 -1 -1 1 0 1 -1
-1 1 -1 1 0 1 0 0 0 0 -1 1 1 1 -1 -1 0 1 1 0 1 1 -1 0 0 1 -1 1 1 -1
0 -1 1 -1 1 0 1 0 0 0 -1 -1 1 1 1 0 -1 0 1 1 0 1 1 -1 0 -1 1 -1 1 1
1 0 -1 1 -1 0 0 1 0 0 1 -1 -1 1 1 1 0 -1 0 1 0 0 1 1 -1 1 -1 1 -1 1
-1 1 0 -1 1 0 0 0 1 0 1 1 -1 -1 1 1 1 0 -1 0 -1 0 0 1 1 1 1 -1 1 -1
1 -1 1 0 -1 0 0 0 0 1 1 1 1 -1 -1 0 1 1 0 -1 1 -1 0 0 1 -1 1 1 -1 1
-1 1 0 0 0 -1 -1 1 1 1 1 -1 1 1 -1 0 1 1 -1 0 1 0 1 0 -1 0 0 -1 1 1
0 -1 1 0 0 1 -1 -1 1 1 -1 1 -1 1 1 0 0 1 1 -1 -1 1 0 1 0 1 0 0 -1 1
0 0 -1 1 0 1 1 -1 -1 1 1 -1 1 -1 1 -1 0 0 1 1 0 -1 1 0 1 1 1 0 0 -1
0 0 0 -1 1 1 1 1 -1 -1 1 1 -1 1 -1 1 -1 0 0 1 1 0 -1 1 0 -1 1 1 0 0
1 0 0 0 -1 -1 1 1 1 -1 -1 1 1 -1 1 1 1 -1 0 0 0 1 0 -1 1 0 -1 1 1 0
-1 0 0 1 0 -1 0 1 1 0 0 0 -1 1 1 1 -1 1 1 -1 1 -1 1 -1 1 0 1 1 0 -1
0 -1 0 0 1 0 -1 0 1 1 1 0 0 -1 1 -1 1 -1 1 1 1 1 -1 1 -1 -1 0 1 1 0
1 0 -1 0 0 1 0 -1 0 1 1 1 0 0 -1 1 -1 1 -1 1 -1 1 1 -1 1 0 -1 0 1 1
0 1 0 -1 0 1 1 0 -1 0 -1 1 1 0 0 1 1 -1 1 -1 1 -1 1 1 -1 1 0 -1 0 1
0 0 1 0 -1 0 1 1 0 -1 0 -1 1 1 0 -1 1 1 -1 1 -1 1 -1 1 1 1 1 0 -1 0
-1 1 1 0 -1 1 0 0 -1 1 1 -1 0 1 0 1 1 -1 1 -1 -1 1 0 0 1 -1 0 1 1 0
-1 -1 1 1 0 1 1 0 0 -1 0 1 -1 0 1 -1 1 1 -1 1 1 -1 1 0 0 0 -1 0 1 1
0 -1 -1 1 1 -1 1 1 0 0 1 0 1 -1 0 1 -1 1 1 -1 0 1 -1 1 0 1 0 -1 0 1
1 0 -1 -1 1 0 -1 1 1 0 0 1 0 1 -1 -1 1 -1 1 1 0 0 1 -1 1 1 1 0 -1 0
1 1 0 -1 -1 0 0 -1 1 1 -1 0 1 0 1 1 -1 1 -1 1 1 0 0 1 -1 0 1 1 0 -1
-1 1 0 1 -1 1 -1 1 1 -1 0 1 1 -1 0 0 -1 0 1 1 -1 0 1 1 0 -1 1 0 0 1
-1 -1 1 0 1 -1 1 -1 1 1 0 0 1 1 -1 1 0 -1 0 1 0 -1 0 1 1 1 -1 1 0 0
1 -1 -1 1 0 1 -1 1 -1 1 -1 0 0 1 1 1 1 0 -1 0 1 0 -1 0 1 0 1 -1 1 0
0 1 -1 -1 1 1 1 -1 1 -1 1 -1 0 0 1 0 1 1 0 -1 1 1 0 -1 0 0 0 1 -1 1
1 0 1 -1 -1 -1 1 1 -1 1 1 1 -1 0 0 -1 0 1 1 0 0 1 1 0 -1 1 0 0 1 -1
