# Lambda = 0
# Method = Completion pair (0, 3) on core VII
# Rank_5 = 9
# pi(0) = 6220
# pi(1) = 13400
# Symmetric = False
0 0 0 0 0 -1 -1 1 0 1 -1 -1 1 0 1 -1 -1 1 0 1 -1 -1 1 0 1 -1 -1 1 0 1 -1 -1 -1 -1 -1
0 0 0 0 0 1 -1 -1 1 0 1 -1 -1 1 0 1 -1 -1 1 0 1 -1 -1 1 0 1 -1 -1 1 0 -1 -1 -1 -1 -1
0 0 0 0 0 0 1 -1 -1 1 0 1 -1 -1 1 0 1 -1 -1 1 0 1 -1 -1 1 0 1 -1 -1 1 -1 -1 -1 -1 -1
0 0 0 0 0 1 0 1 -1 -1 1 0 1 -1 -1 1 0 1 -1 -1 1 0 1 -1 -1 1 0 1 -1 -1 -1 -1 -1 -1 -1
0 0 0 0 0 -1 1 0 1 -1 -1 1 0 1 -1 -1 1 0 1 -1 -1 1 0 1 -1 -1 1 0 1 -1 -1 -1 -1 -1 -1
-1 1 0 1 -1 1 0 0 0 0 -1 1 0 0 1 -1 0 1 1 0 1 -1 1 1 -1 1 1 -1 -1 1 -1 -1 0 1 1
-1 -1 1 0 1 0 1 0 0 0 1 -1 1 0 0 0 -1 0 1 1 -1 1 -1 1 1 1 1 1 -1 -1 -1 -1 0 1 1
1 -1 -1 1 0 0 0 1 0 0 0 1 -1 1 0 1 0 -1 0 1 1 -1 1 -1 1 -1 1 1 1 -1 -1 -1 0 1 1
0 1 -1 -1 1 0 0 0 1 0 0 0 1 -1 1 1 1 0 -1 0 1 1 -1 1 -1 -1 -1 1 1 1 -1 -1 0 1 1
1 0 1 -1 -1 0 0 0 0 1 1 0 0 1 -1 0 1 1 0 -1 -1 1 1 -1 1 1 -1 -1 1 1 -1 -1 0 1 1
-1 1 0 1 -1 -1 1 0 0 1 1 1 -1 -1 1 1 0 0 0 0 -1 0 1 1 0 1 -1 1 1 -1 -1 1 1 -1 0
-1 -1 1 0 1 1 -1 1 0 0 1 1 1 -1 -1 0 1 0 0 0 0 -1 0 1 1 -1 1 -1 1 1 -1 1 1 -1 0
1 -1 -1 1 0 0 1 -1 1 0 -1 1 1 1 -1 0 0 1 0 0 1 0 -1 0 1 1 -1 1 -1 1 -1 1 1 -1 0
0 1 -1 -1 1 0 0 1 -1 1 -1 -1 1 1 1 0 0 0 1 0 1 1 0 -1 0 1 1 -1 1 -1 -1 1 1 -1 0
1 0 1 -1 -1 1 0 0 1 -1 1 -1 -1 1 1 0 0 0 0 1 0 1 1 0 -1 -1 1 1 -1 1 -1 1 1 -1 0
-1 1 0 1 -1 -1 0 1 1 0 1 0 0 0 0 1 -1 1 1 -1 1 1 -1 -1 1 -1 1 0 0 1 0 1 -1 1 -1
-1 -1 1 0 1 0 -1 0 1 1 0 1 0 0 0 -1 1 -1 1 1 1 1 1 -1 -1 1 -1 1 0 0 0 1 -1 1 -1
1 -1 -1 1 0 1 0 -1 0 1 0 0 1 0 0 1 -1 1 -1 1 -1 1 1 1 -1 0 1 -1 1 0 0 1 -1 1 -1
0 1 -1 -1 1 1 1 0 -1 0 0 0 0 1 0 1 1 -1 1 -1 -1 -1 1 1 1 0 0 1 -1 1 0 1 -1 1 -1
1 0 1 -1 -1 0 1 1 0 -1 0 0 0 0 1 -1 1 1 -1 1 1 -1 -1 1 1 1 0 0 1 -1 0 1 -1 1 -1
-1 1 0 1 -1 1 -1 1 1 -1 -1 0 1 1 0 1 1 -1 -1 1 -1 1 0 0 1 1 0 0 0 0 1 -1 1 0 -1
-1 -1 1 0 1 -1 1 -1 1 1 0 -1 0 1 1 1 1 1 -1 -1 1 -1 1 0 0 0 1 0 0 0 1 -1 1 0 -1
1 -1 -1 1 0 1 -1 1 -1 1 1 0 -1 0 1 -1 1 1 1 -1 0 1 -1 1 0 0 0 1 0 0 1 -1 1 0 -1
0 1 -1 -1 1 1 1 -1 1 -1 1 1 0 -1 0 -1 -1 1 1 1 0 0 1 -1 1 0 0 0 1 0 1 -1 1 0 -1
1 0 1 -1 -1 -1 1 1 -1 1 0 1 1 0 -1 1 -1 -1 1 1 1 0 0 1 -1 0 0 0 0 1 1 -1 1 0 -1
-1 1 0 1 -1 1 1 -1 -1 1 1 -1 1 1 -1 -1 1 0 0 1 1 0 0 0 0 -1 0 1 1 0 1 0 -1 -1 1
-1 -1 1 0 1 1 1 1 -1 -1 -1 1 -1 1 1 1 -1 1 0 0 0 1 0 0 0 0 -1 0 1 1 1 0 -1 -1 1
1 -1 -1 1 0 -1 1 1 1 -1 1 -1 1 -1 1 0 1 -1 1 0 0 0 1 0 0 1 0 -1 0 1 1 0 -1 -1 1
0 1 -1 -1 1 -1 -1 1 1 1 1 1 -1 1 -1 0 0 1 -1 1 0 0 0 1 0 1 1 0 -1 0 1 0 -1 -1 1
1 0 1 -1 -1 1 -1 -1 1 1 -1 1 1 -1 1 1 0 0 1 -1 0 0 0 0 1 0 1 1 0 -1 1 0 -1 -1 1
-1 -1 -1 -1 -1 -1 -1 -1 -1 -1 -1 -1 -1 -1 -1 1 1 1 1 1 0 0 0 0 0 1 1 1 1 1 0 0 0 0 0
-1 -1 -1 -1 -1 -1 -1 -1 -1 -1 1 1 1 1 1 0 0 0 0 0 1 1 1 1 1 -1 -1 -1 -1 -1 0 0 0 0 0
-1 -1 -1 -1 -1 0 0 0 0 0 1 1 1 1 1 -1 -1 -1 -1 -1 -1 -1 -1 -1 -1 1 1 1 1 1 0 0 0 0 0
-1 -1 -1 -1 -1 1 1 1 1 1 -1 -1 -1 -1 -1 -1 -1 -1 -1 -1 1 1 1 1 1 0 0 0 0 0 0 0 0 0 0
-1 -1 -1 -1 -1 1 1 1 1 1 0 0 0 0 0 1 1 1 1 1 -1 -1 -1 -1 -1 -1 -1 -1 -1 -1 0 0 0 0 0
