# Lambda = signed rank-one (J-equivalent)
# Method = Completion pair (0, 2, 1) on core IIIn
# Rank_5 = 10
# pi(0) = 6580
# pi(1) = 12460
# Symmetric = False
1 -1 1 1 -1 1 1 -1 -1 1 -1 1 0 0 1 1 0 0 0 0 -1 0 1 1 0 0 1 -1 -1 1 -1 -1 -1 -1 0
-1 1 -1 1 1 1 1 1 -1 -1 1 -1 1 0 0 0 1 0 0 0 0 -1 0 1 1 1 0 1 -1 -1 -1 -1 -1 -1 0
1 -1 1 -1 1 -1 1 1 1 -1 0 1 -1 1 0 0 0 1 0 0 1 0 -1 0 1 -1 1 0 1 -1 -1 -1 -1 -1 0
1 1 -1 1 -1 -1 -1 1 1 1 0 0 1 -1 1 0 0 0 1 0 1 1 0 -1 0 -1 -1 1 0 1 -1 -1 -1 -1 0
-1 1 1 -1 1 1 -1 -1 1 1 1 0 0 1 -1 0 0 0 0 1 0 1 1 0 -1 1 -1 -1 1 0 -1 -1 -1 -1 0
1 1 -1 -1 1 -1 1 0 0 1 1 0 0 0 0 -1 0 1 1 0 1 -1 1 1 -1 0 1 -1 -1 1 -1 0 1 1 -1
1 1 1 -1 -1 1 -1 1 0 0 0 1 0 0 0 0 -1 0 1 1 -1 1 -1 1 1 1 0 1 -1 -1 -1 0 1 1 -1
-1 1 1 1 -1 0 1 -1 1 0 0 0 1 0 0 1 0 -1 0 1 1 -1 1 -1 1 -1 1 0 1 -1 -1 0 1 1 -1
-1 -1 1 1 1 0 0 1 -1 1 0 0 0 1 0 1 1 0 -1 0 1 1 -1 1 -1 -1 -1 1 0 1 -1 0 1 1 -1
1 -1 -1 1 1 1 0 0 1 -1 0 0 0 0 1 0 1 1 0 -1 -1 1 1 -1 1 1 -1 -1 1 0 -1 0 1 1 -1
-1 1 0 0 1 1 0 0 0 0 -1 0 1 1 0 1 -1 1 1 -1 1 1 -1 -1 1 0 1 -1 -1 1 0 1 -1 1 1
1 -1 1 0 0 0 1 0 0 0 0 -1 0 1 1 -1 1 -1 1 1 1 1 1 -1 -1 1 0 1 -1 -1 0 1 -1 1 1
0 1 -1 1 0 0 0 1 0 0 1 0 -1 0 1 1 -1 1 -1 1 -1 1 1 1 -1 -1 1 0 1 -1 0 1 -1 1 1
0 0 1 -1 1 0 0 0 1 0 1 1 0 -1 0 1 1 -1 1 -1 -1 -1 1 1 1 -1 -1 1 0 1 0 1 -1 1 1
1 0 0 1 -1 0 0 0 0 1 0 1 1 0 -1 -1 1 1 -1 1 1 -1 -1 1 1 1 -1 -1 1 0 0 1 -1 1 1
1 0 0 0 0 -1 0 1 1 0 1 -1 1 1 -1 1 1 -1 -1 1 -1 1 0 0 1 0 1 -1 -1 1 1 -1 1 0 1
0 1 0 0 0 0 -1 0 1 1 -1 1 -1 1 1 1 1 1 -1 -1 1 -1 1 0 0 1 0 1 -1 -1 1 -1 1 0 1
0 0 1 0 0 1 0 -1 0 1 1 -1 1 -1 1 -1 1 1 1 -1 0 1 -1 1 0 -1 1 0 1 -1 1 -1 1 0 1
0 0 0 1 0 1 1 0 -1 0 1 1 -1 1 -1 -1 -1 1 1 1 0 0 1 -1 1 -1 -1 1 0 1 1 -1 1 0 1
0 0 0 0 1 0 1 1 0 -1 -1 1 1 -1 1 1 -1 -1 1 1 1 0 0 1 -1 1 -1 -1 1 0 1 -1 1 0 1
-1 0 1 1 0 1 -1 1 1 -1 1 1 -1 -1 1 -1 1 0 0 1 1 0 0 0 0 0 1 -1 -1 1 1 1 0 -1 -1
0 -1 0 1 1 -1 1 -1 1 1 1 1 1 -1 -1 1 -1 1 0 0 0 1 0 0 0 1 0 1 -1 -1 1 1 0 -1 -1
1 0 -1 0 1 1 -1 1 -1 1 -1 1 1 1 -1 0 1 -1 1 0 0 0 1 0 0 -1 1 0 1 -1 1 1 0 -1 -1
1 1 0 -1 0 1 1 -1 1 -1 -1 -1 1 1 1 0 0 1 -1 1 0 0 0 1 0 -1 -1 1 0 1 1 1 0 -1 -1
0 1 1 0 -1 -1 1 1 -1 1 1 -1 -1 1 1 1 0 0 1 -1 0 0 0 0 1 1 -1 -1 1 0 1 1 0 -1 -1
0 1 -1 -1 1 0 1 -1 -1 1 0 1 -1 -1 1 0 1 -1 -1 1 0 1 -1 -1 1 -1 -1 -1 -1 -1 0 0 0 0 0
1 0 1 -1 -1 1 0 1 -1 -1 1 0 1 -1 -1 1 0 1 -1 -1 1 0 1 -1 -1 -1 -1 -1 -1 -1 0 0 0 0 0
-1 1 0 1 -1 -1 1 0 1 -1 -1 1 0 1 -1 -1 1 0 1 -1 -1 1 0 1 -1 -1 -1 -1 -1 -1 0 0 0 0 0
-1 -1 1 0 1 -1 -1 1 0 1 -1 -1 1 0 1 -1 -1 1 0 1 -1 -1 1 0 1 -1 -1 -1 -1 -1 0 0 0 0 0
1 -1 -1 1 0 1 -1 -1 1 0 1 -1 -1 1 0 1 -1 -1 1 0 1 -1 -1 1 0 -1 -1 -1 -1 -1 0 0 0 0 0
-1 -1 -1 -1 -1 -1 -1 -1 -1 -1 1 1 1 1 1 0 0 0 0 0 1 1 1 1 1 0 0 0 0 0 1 -1 -1 1 -1
-1 -1 -1 -1 -1 0 0 0 0 0 -1 -1 -1 -1 -1 1 1 1 1 1 1 1 1 1 1 0 0 0 0 0 -1 1 1 -1 1
-1 -1 -1 -1 -1 1 1 1 1 1 0 0 0 0 0 1 1 1 1 1 -1 -1 -1 -1 -1 0 0 0 0 0 1 -1 -1 1 -1
-1 -1 -1 -1 -1 1 1 1 1 1 1 1 1 1 1 -1 -1 -1 -1 -1 0 0 0 0 0 0 0 0 0 0 -1 1 1 -1 1
0 0 0 0 0 -1 -1 -1 -1 -1 1 1 1 1 1 1 1 1 1 1 -1 -1 -1 -1 -1 0 0 0 0 0 -1 1 1 -1 1
