# Lambda = 0
# Method = Completion pair (2, 1) on core VII
# Rank_5 = 11
# pi(0) = 6580
# pi(1) = 13380
# Symmetric = False
0 0 0 0 0 -1 -1 1 0 1 -1 -1 1 0 1 -1 -1 1 0 1 -1 -1 1 0 1 -1 -1 1 0 1 -1 -1 -1 -1 -1
0 0 0 0 0 1 -1 -1 1 0 1 -1 -1 1 0 1 -1 -1 1 0 1 -1 -1 1 0 1 -1 -1 1 0 -1 -1 -1 -1 -1
0 0 0 0 0 0 1 -1 -1 1 0 1 -1 -1 1 0 1 -1 -1 1 0 1 -1 -1 1 0 1 -1 -1 1 -1 -1 -1 -1 -1
0 0 0 0 0 1 0 1 -1 -1 1 0 1 -1 -1 1 0 1 -1 -1 1 0 1 -1 -1 1 0 1 -1 -1 -1 -1 -1 -1 -1
0 0 0 0 0 -1 1 0 1 -1 -1 1 0 1 -1 -1 1 0 1 -1 -1 1 0 1 -1 -1 1 0 1 -1 -1 -1 -1 -1 -1
-1 1 0 1 -1 1 0 0 0 0 -1 1 0 0 1 -1 0 1 1 0 1 -1 1 1 -1 1 1 -1 -1 1 -1 -1 0 1 1
-1 -1 1 0 1 0 1 0 0 0 1 -1 1 0 0 0 -1 0 1 1 -1 1 -1 1 1 1 1 1 -1 -1 -1 -1 0 1 1
1 -1 -1 1 0 0 0 1 0 0 0 1 -1 1 0 1 0 -1 0 1 1 -1 1 -1 1 -1 1 1 1 -1 -1 -1 0 1 1
0 1 -1 -1 1 0 0 0 1 0 0 0 1 -1 1 1 1 0 -1 0 1 1 -1 1 -1 -1 -1 1 1 1 -1 -1 0 1 1
1 0 1 -1 -1 0 0 0 0 1 1 0 0 1 -1 0 1 1 0 -1 -1 1 1 -1 1 1 -1 -1 1 1 -1 -1 0 1 1
-1 1 0 1 -1 -1 1 0 0 1 1 1 -1 -1 1 1 0 0 0 0 -1 0 1 1 0 1 -1 1 1 -1 -1 1 1 -1 0
-1 -1 1 0 1 1 -1 1 0 0 1 1 1 -1 -1 0 1 0 0 0 0 -1 0 1 1 -1 1 -1 1 1 -1 1 1 -1 0
1 -1 -1 1 0 0 1 -1 1 0 -1 1 1 1 -1 0 0 1 0 0 1 0 -1 0 1 1 -1 1 -1 1 -1 1 1 -1 0
0 1 -1 -1 1 0 0 1 -1 1 -1 -1 1 1 1 0 0 0 1 0 1 1 0 -1 0 1 1 -1 1 -1 -1 1 1 -1 0
1 0 1 -1 -1 1 0 0 1 -1 1 -1 -1 1 1 0 0 0 0 1 0 1 1 0 -1 -1 1 1 -1 1 -1 1 1 -1 0
-1 1 0 1 -1 -1 0 1 1 0 1 0 0 0 0 1 -1 1 1 -1 1 1 -1 -1 1 -1 1 0 0 1 1 -1 1 0 -1
-1 -1 1 0 1 0 -1 0 1 1 0 1 0 0 0 -1 1 -1 1 1 1 1 1 -1 -1 1 -1 1 0 0 1 -1 1 0 -1
1 -1 -1 1 0 1 0 -1 0 1 0 0 1 0 0 1 -1 1 -1 1 -1 1 1 1 -1 0 1 -1 1 0 1 -1 1 0 -1
0 1 -1 -1 1 1 1 0 -1 0 0 0 0 1 0 1 1 -1 1 -1 -1 -1 1 1 1 0 0 1 -1 1 1 -1 1 0 -1
1 0 1 -1 -1 0 1 1 0 -1 0 0 0 0 1 -1 1 1 -1 1 1 -1 -1 1 1 1 0 0 1 -1 1 -1 1 0 -1
-1 1 0 1 -1 1 -1 1 1 -1 -1 0 1 1 0 1 1 -1 -1 1 -1 1 0 0 1 1 0 0 0 0 0 1 -1 1 -1
-1 -1 1 0 1 -1 1 -1 1 1 0 -1 0 1 1 1 1 1 -1 -1 1 -1 1 0 0 0 1 0 0 0 0 1 -1 1 -1
1 -1 -1 1 0 1 -1 1 -1 1 1 0 -1 0 1 -1 1 1 1 -1 0 1 -1 1 0 0 0 1 0 0 0 1 -1 1 -1
0 1 -1 -1 1 1 1 -1 1 -1 1 1 0 -1 0 -1 -1 1 1 1 0 0 1 -1 1 0 0 0 1 0 0 1 -1 1 -1
1 0 1 -1 -1 -1 1 1 -1 1 0 1 1 0 -1 1 -1 -1 1 1 1 0 0 1 -1 0 0 0 0 1 0 1 -1 1 -1
-1 1 0 1 -1 1 1 -1 -1 1 1 -1 1 1 -1 -1 1 0 0 1 1 0 0 0 0 -1 0 1 1 0 1 0 -1 -1 1
-1 -1 1 0 1 1 1 1 -1 -1 -1 1 -1 1 1 1 -1 1 0 0 0 1 0 0 0 0 -1 0 1 1 1 0 -1 -1 1
1 -1 -1 1 0 -1 1 1 1 -1 1 -1 1 -1 1 0 1 -1 1 0 0 0 1 0 0 1 0 -1 0 1 1 0 -1 -1 1
0 1 -1 -1 1 -1 -1 1 1 1 1 1 -1 1 -1 0 0 1 -1 1 0 0 0 1 0 1 1 0 -1 0 1 0 -1 -1 1
1 0 1 -1 -1 1 -1 -1 1 1 -1 1 1 -1 1 1 0 0 1 -1 0 0 0 0 1 0 1 1 0 -1 1 0 -1 -1 1
-1 -1 -1 -1 -1 -1 -1 -1 -1 -1 -1 -1 -1 -1 -1 0 0 0 0 0 1 1 1 1 1 1 1 1 1 1 0 0 0 0 0
-1 -1 -1 -1 -1 -1 -1 -1 -1 -1 1 1 1 1 1 1 1 1 1 1 0 0 0 0 0 -1 -1 -1 -1 -1 0 0 0 0 0
-1 -1 -1 -1 -1 0 0 0 0 0 1 1 1 1 1 -1 -1 -1 -1 -1 -1 -1 -1 -1 -1 1 1 1 1 1 0 0 0 0 0
-1 -1 -1 -1 -1 1 1 1 1 1 -1 -1 -1 -1 -1 1 1 1 1 1 -1 -1 -1 -1 -1 0 0 0 0 0 0 0 0 0 0
-1 -1 -1 -1 -1 1 1 1 1 1 0 0 0 0 0 -1 -1 -1 -1 -1 1 1 1 1 1 -1 -1 -1 -1 -1 0 0 0 0 0
