# Lambda = 0
# Method = Completion pair (0, 11) on core VII
# Rank_5 = 11
# pi(0) = 6940
# pi(1) = 12720
# Symmetric = False
0 0 0 0 0 -1 -1 1 0 1 -1 -1 1 0 1 -1 -1 1 0 1 -1 -1 1 0 1 -1 -1 1 0 1 -1 -1 -1 -1 -1
0 0 0 0 0 1 -1 -1 1 0 1 -1 -1 1 0 1 -1 -1 1 0 1 -1 -1 1 0 1 -1 -1 1 0 -1 -1 -1 -1 -1
0 0 0 0 0 0 1 -1 -1 1 0 1 -1 -1 1 0 1 -1 -1 1 0 1 -1 -1 1 0 1 -1 -1 1 -1 -1 -1 -1 -1
0 0 0 0 0 1 0 1 -1 -1 1 0 1 -1 -1 1 0 1 -1 -1 1 0 1 -1 -1 1 0 1 -1 -1 -1 -1 -1 -1 -1
0 0 0 0 0 -1 1 0 1 -1 -1 1 0 1 -1 -1 1 0 1 -1 -1 1 0 1 -1 -1 1 0 1 -1 -1 -1 -1 -1 -1
-1 1 0 1 -1 1 0 0 0 0 -1 1 0 0 1 -1 0 1 1 0 1 -1 1 1 -1 1 1 -1 -1 1 -1 -1 0 1 1
-1 -1 1 0 1 0 1 0 0 0 1 -1 1 0 0 0 -1 0 1 1 -1 1 -1 1 1 1 1 1 -1 -1 -1 -1 0 1 1
1 -1 -1 1 0 0 0 1 0 0 0 1 -1 1 0 1 0 -1 0 1 1 -1 1 -1 1 -1 1 1 1 -1 -1 -1 0 1 1
0 1 -1 -1 1 0 0 0 1 0 0 0 1 -1 1 1 1 0 -1 0 1 1 -1 1 -1 -1 -1 1 1 1 -1 -1 0 1 1
1 0 1 -1 -1 0 0 0 0 1 1 0 0 1 -1 0 1 1 0 -1 -1 1 1 -1 1 1 -1 -1 1 1 -1 -1 0 1 1
-1 1 0 1 -1 -1 1 0 0 1 1 1 -1 -1 1 1 0 0 0 0 -1 0 1 1 0 1 -1 1 1 -1 -1 1 1 -1 0
-1 -1 1 0 1 1 -1 1 0 0 1 1 1 -1 -1 0 1 0 0 0 0 -1 0 1 1 -1 1 -1 1 1 -1 1 1 -1 0
1 -1 -1 1 0 0 1 -1 1 0 -1 1 1 1 -1 0 0 1 0 0 1 0 -1 0 1 1 -1 1 -1 1 -1 1 1 -1 0
0 1 -1 -1 1 0 0 1 -1 1 -1 -1 1 1 1 0 0 0 1 0 1 1 0 -1 0 1 1 -1 1 -1 -1 1 1 -1 0
1 0 1 -1 -1 1 0 0 1 -1 1 -1 -1 1 1 0 0 0 0 1 0 1 1 0 -1 -1 1 1 -1 1 -1 1 1 -1 0
-1 1 0 1 -1 -1 0 1 1 0 1 0 0 0 0 1 -1 1 1 -1 1 1 -1 -1 1 -1 1 0 0 1 0 1 -1 1 -1
-1 -1 1 0 1 0 -1 0 1 1 0 1 0 0 0 -1 1 -1 1 1 1 1 1 -1 -1 1 -1 1 0 0 0 1 -1 1 -1
1 -1 -1 1 0 1 0 -1 0 1 0 0 1 0 0 1 -1 1 -1 1 -1 1 1 1 -1 0 1 -1 1 0 0 1 -1 1 -1
0 1 -1 -1 1 1 1 0 -1 0 0 0 0 1 0 1 1 -1 1 -1 -1 -1 1 1 1 0 0 1 -1 1 0 1 -1 1 -1
1 0 1 -1 -1 0 1 1 0 -1 0 0 0 0 1 -1 1 1 -1 1 1 -1 -1 1 1 1 0 0 1 -1 0 1 -1 1 -1
-1 1 0 1 -1 1 -1 1 1 -1 -1 0 1 1 0 1 1 -1 -1 1 -1 1 0 0 1 1 0 0 0 0 1 -1 1 0 -1
-1 -1 1 0 1 -1 1 -1 1 1 0 -1 0 1 1 1 1 1 -1 -1 1 -1 1 0 0 0 1 0 0 0 1 -1 1 0 -1
1 -1 -1 1 0 1 -1 1 -1 1 1 0 -1 0 1 -1 1 1 1 -1 0 1 -1 1 0 0 0 1 0 0 1 -1 1 0 -1
0 1 -1 -1 1 1 1 -1 1 -1 1 1 0 -1 0 -1 -1 1 1 1 0 0 1 -1 1 0 0 0 1 0 1 -1 1 0 -1
1 0 1 -1 -1 -1 1 1 -1 1 0 1 1 0 -1 1 -1 -1 1 1 1 0 0 1 -1 0 0 0 0 1 1 -1 1 0 -1
-1 1 0 1 -1 1 1 -1 -1 1 1 -1 1 1 -1 -1 1 0 0 1 1 0 0 0 0 -1 0 1 1 0 1 0 -1 -1 1
-1 -1 1 0 1 1 1 1 -1 -1 -1 1 -1 1 1 1 -1 1 0 0 0 1 0 0 0 0 -1 0 1 1 1 0 -1 -1 1
1 -1 -1 1 0 -1 1 1 1 -1 1 -1 1 -1 1 0 1 -1 1 0 0 0 1 0 0 1 0 -1 0 1 1 0 -1 -1 1
0 1 -1 -1 1 -1 -1 1 1 1 1 1 -1 1 -1 0 0 1 -1 1 0 0 0 1 0 1 1 0 -1 0 1 0 -1 -1 1
1 0 1 -1 -1 1 -1 -1 1 1 -1 1 1 -1 1 1 0 0 1 -1 0 0 0 0 1 0 1 1 0 -1 1 0 -1 -1 1
-1 -1 -1 -1 -1 -1 -1 -1 -1 -1 0 0 0 0 0 1 1 1 1 1 1 1 1 1 1 -1 -1 -1 -1 -1 0 0 0 0 0
-1 -1 -1 -1 -1 -1 -1 -1 -1 -1 1 1 1 1 1 0 0 0 0 0 -1 -1 -1 -1 -1 1 1 1 1 1 0 0 0 0 0
-1 -1 -1 -1 -1 0 0 0 0 0 -1 -1 -1 -1 -1 -1 -1 -1 -1 -1 1 1 1 1 1 1 1 1 1 1 0 0 0 0 0
-1 -1 -1 -1 -1 1 1 1 1 1 -1 -1 -1 -1 -1 1 1 1 1 1 -1 -1 -1 -1 -1 0 0 0 0 0 0 0 0 0 0
-1 -1 -1 -1 -1 1 1 1 1 1 1 1 1 1 1 -1 -1 -1 -1 -1 0 0 0 0 0 -1 -1 -1 -1 -1 0 0 0 0 0
