# Lambda = 0
# Method = Completion pair (5, 2) on core IX
# Rank_5 = 15
# pi(0) = 6830
# pi(1) = 12890
# Symmetric = False
0 1 -1 -1 1 -1 0 1 0 0 -1 -1 1 1 0 -1 1 0 0 0 -1 -1 1 0 1 -1 0 1 -1 1 -1 -1 -1 -1 -1
1 0 1 -1 -1 0 -1 0 1 0 0 -1 -1 1 1 0 -1 1 0 0 1 -1 -1 1 0 1 -1 0 1 -1 -1 -1 -1 -1 -1
-1 1 0 1 -1 0 0 -1 0 1 1 0 -1 -1 1 0 0 -1 1 0 0 1 -1 -1 1 -1 1 -1 0 1 -1 -1 -1 -1 -1
-1 -1 1 0 1 1 0 0 -1 0 1 1 0 -1 -1 0 0 0 -1 1 1 0 1 -1 -1 1 -1 1 -1 0 -1 -1 -1 -1 -1
1 -1 -1 1 0 0 1 0 0 -1 -1 1 1 0 -1 1 0 0 0 -1 -1 1 0 1 -1 0 1 -1 1 -1 -1 -1 -1 -1 -1
-1 0 0 1 0 1 1 -1 -1 1 -1 0 1 0 1 0 1 -1 1 0 0 -1 0 1 1 1 -1 1 1 -1 -1 -1 0 1 1
0 -1 0 0 1 1 1 1 -1 -1 1 -1 0 1 0 0 0 1 -1 1 1 0 -1 0 1 -1 1 -1 1 1 -1 -1 0 1 1
1 0 -1 0 0 -1 1 1 1 -1 0 1 -1 0 1 1 0 0 1 -1 1 1 0 -1 0 1 -1 1 -1 1 -1 -1 0 1 1
0 1 0 -1 0 -1 -1 1 1 1 1 0 1 -1 0 -1 1 0 0 1 0 1 1 0 -1 1 1 -1 1 -1 -1 -1 0 1 1
0 0 1 0 -1 1 -1 -1 1 1 0 1 0 1 -1 1 -1 1 0 0 -1 0 1 1 0 -1 1 1 -1 1 -1 -1 0 1 1
-1 0 1 1 -1 -1 1 0 1 0 1 -1 1 1 -1 1 1 0 0 -1 1 -1 1 0 0 1 0 -1 0 1 -1 1 1 -1 0
-1 -1 0 1 1 0 -1 1 0 1 -1 1 -1 1 1 -1 1 1 0 0 0 1 -1 1 0 1 1 0 -1 0 -1 1 1 -1 0
1 -1 -1 0 1 1 0 -1 1 0 1 -1 1 -1 1 0 -1 1 1 0 0 0 1 -1 1 0 1 1 0 -1 -1 1 1 -1 0
1 1 -1 -1 0 0 1 0 -1 1 1 1 -1 1 -1 0 0 -1 1 1 1 0 0 1 -1 -1 0 1 1 0 -1 1 1 -1 0
0 1 1 -1 -1 1 0 1 0 -1 -1 1 1 -1 1 1 0 0 -1 1 -1 1 0 0 1 0 -1 0 1 1 -1 1 1 -1 0
-1 0 0 0 1 0 0 1 -1 1 1 -1 0 0 1 1 -1 1 1 -1 -1 1 1 1 -1 0 -1 0 1 1 1 0 -1 -1 1
1 -1 0 0 0 1 0 0 1 -1 1 1 -1 0 0 -1 1 -1 1 1 -1 -1 1 1 1 1 0 -1 0 1 1 0 -1 -1 1
0 1 -1 0 0 -1 1 0 0 1 0 1 1 -1 0 1 -1 1 -1 1 1 -1 -1 1 1 1 1 0 -1 0 1 0 -1 -1 1
0 0 1 -1 0 1 -1 1 0 0 0 0 1 1 -1 1 1 -1 1 -1 1 1 -1 -1 1 0 1 1 0 -1 1 0 -1 -1 1
0 0 0 1 -1 0 1 -1 1 0 -1 0 0 1 1 -1 1 1 -1 1 1 1 1 -1 -1 -1 0 1 1 0 1 0 -1 -1 1
-1 1 0 1 -1 0 1 1 0 -1 1 0 0 1 -1 -1 -1 1 1 1 -1 1 0 0 1 1 0 1 0 -1 1 -1 1 0 -1
-1 -1 1 0 1 -1 0 1 1 0 -1 1 0 0 1 1 -1 -1 1 1 1 -1 1 0 0 -1 1 0 1 0 1 -1 1 0 -1
1 -1 -1 1 0 0 -1 0 1 1 1 -1 1 0 0 1 1 -1 -1 1 0 1 -1 1 0 0 -1 1 0 1 1 -1 1 0 -1
0 1 -1 -1 1 1 0 -1 0 1 0 1 -1 1 0 1 1 1 -1 -1 0 0 1 -1 1 1 0 -1 1 0 1 -1 1 0 -1
1 0 1 -1 -1 1 1 0 -1 0 0 0 1 -1 1 -1 1 1 1 -1 1 0 0 1 -1 0 1 0 -1 1 1 -1 1 0 -1
-1 1 -1 1 0 1 -1 1 1 -1 1 1 0 -1 0 0 1 1 0 -1 1 -1 0 1 0 -1 0 1 1 0 0 1 -1 1 -1
0 -1 1 -1 1 -1 1 -1 1 1 0 1 1 0 -1 -1 0 1 1 0 0 1 -1 0 1 0 -1 0 1 1 0 1 -1 1 -1
1 0 -1 1 -1 1 -1 1 -1 1 -1 0 1 1 0 0 -1 0 1 1 1 0 1 -1 0 1 0 -1 0 1 0 1 -1 1 -1
-1 1 0 -1 1 1 1 -1 1 -1 0 -1 0 1 1 1 0 -1 0 1 0 1 0 1 -1 1 1 0 -1 0 0 1 -1 1 -1
1 -1 1 0 -1 -1 1 1 -1 1 1 0 -1 0 1 1 1 0 -1 0 -1 0 1 0 1 0 1 1 0 -1 0 1 -1 1 -1
-1 -1 -1 -1 -1 -1 -1 -1 -1 -1 -1 -1 -1 -1 -1 1 1 1 1 1 0 0 0 0 0 1 1 1 1 1 0 0 0 0 0
-1 -1 -1 -1 -1 -1 -1 -1 -1 -1 1 1 1 1 1 -1 -1 -1 -1 -1 1 1 1 1 1 0 0 0 0 0 0 0 0 0 0
-1 -1 -1 -1 -1 0 0 0 0 0 1 1 1 1 1 1 1 1 1 1 -1 -1 -1 -1 -1 -1 -1 -1 -1 -1 0 0 0 0 0
-1 -1 -1 -1 -1 1 1 1 1 1 -1 -1 -1 -1 -1 0 0 0 0 0 1 1 1 1 1 -1 -1 -1 -1 -1 0 0 0 0 0
-1 -1 -1 -1 -1 1 1 1 1 1 0 0 0 0 0 -1 -1 -1 -1 -1 -1 -1 -1 -1 -1 1 1 1 1 1 0 0 0 0 0
