# Lambda = 0
# Method = Completion pair (8, 8) on core II
# Rank_5 = 15
# pi(0) = 6990
# pi(1) = 12895
# Symmetric = True
0 1 -1 -1 1 -1 1 0 0 0 1 0 -1 1 -1 -1 1 0 1 -1 0 -1 -1 1 1 1 0 -1 0 0 -1 -1 -1 -1 -1
1 0 1 -1 -1 0 -1 1 0 0 -1 1 0 -1 1 -1 -1 1 0 1 1 0 -1 -1 1 0 1 0 -1 0 -1 -1 -1 -1 -1
-1 1 0 1 -1 0 0 -1 1 0 1 -1 1 0 -1 1 -1 -1 1 0 1 1 0 -1 -1 0 0 1 0 -1 -1 -1 -1 -1 -1
-1 -1 1 0 1 0 0 0 -1 1 -1 1 -1 1 0 0 1 -1 -1 1 -1 1 1 0 -1 -1 0 0 1 0 -1 -1 -1 -1 -1
1 -1 -1 1 0 1 0 0 0 -1 0 -1 1 -1 1 1 0 1 -1 -1 -1 -1 1 1 0 0 -1 0 0 1 -1 -1 -1 -1 -1
-1 0 0 0 1 1 -1 1 1 -1 1 -1 -1 1 1 0 1 1 -1 0 1 0 1 -1 0 1 1 0 0 -1 -1 -1 0 1 1
1 -1 0 0 0 -1 1 -1 1 1 1 1 -1 -1 1 0 0 1 1 -1 0 1 0 1 -1 -1 1 1 0 0 -1 -1 0 1 1
0 1 -1 0 0 1 -1 1 -1 1 1 1 1 -1 -1 -1 0 0 1 1 -1 0 1 0 1 0 -1 1 1 0 -1 -1 0 1 1
0 0 1 -1 0 1 1 -1 1 -1 -1 1 1 1 -1 1 -1 0 0 1 1 -1 0 1 0 0 0 -1 1 1 -1 -1 0 1 1
0 0 0 1 -1 -1 1 1 -1 1 -1 -1 1 1 1 1 1 -1 0 0 0 1 -1 0 1 1 0 0 -1 1 -1 -1 0 1 1
1 -1 1 -1 0 1 1 1 -1 -1 1 0 0 0 0 1 1 -1 1 -1 1 0 0 -1 1 -1 0 1 1 0 0 1 -1 -1 1
0 1 -1 1 -1 -1 1 1 1 -1 0 1 0 0 0 -1 1 1 -1 1 1 1 0 0 -1 0 -1 0 1 1 0 1 -1 -1 1
-1 0 1 -1 1 -1 -1 1 1 1 0 0 1 0 0 1 -1 1 1 -1 -1 1 1 0 0 1 0 -1 0 1 0 1 -1 -1 1
1 -1 0 1 -1 1 -1 -1 1 1 0 0 0 1 0 -1 1 -1 1 1 0 -1 1 1 0 1 1 0 -1 0 0 1 -1 -1 1
-1 1 -1 0 1 1 1 -1 -1 1 0 0 0 0 1 1 -1 1 -1 1 0 0 -1 1 1 0 1 1 0 -1 0 1 -1 -1 1
-1 -1 1 0 1 0 0 -1 1 1 1 -1 1 -1 1 -1 1 0 0 1 1 0 -1 0 1 0 -1 0 1 1 1 -1 1 -1 0
1 -1 -1 1 0 1 0 0 -1 1 1 1 -1 1 -1 1 -1 1 0 0 1 1 0 -1 0 1 0 -1 0 1 1 -1 1 -1 0
0 1 -1 -1 1 1 1 0 0 -1 -1 1 1 -1 1 0 1 -1 1 0 0 1 1 0 -1 1 1 0 -1 0 1 -1 1 -1 0
1 0 1 -1 -1 -1 1 1 0 0 1 -1 1 1 -1 0 0 1 -1 1 -1 0 1 1 0 0 1 1 0 -1 1 -1 1 -1 0
-1 1 0 1 -1 0 -1 1 1 0 -1 1 -1 1 1 1 0 0 1 -1 0 -1 0 1 1 -1 0 1 1 0 1 -1 1 -1 0
0 1 1 -1 -1 1 0 -1 1 0 1 1 -1 0 0 1 1 0 -1 0 -1 1 0 0 1 1 -1 1 -1 1 -1 1 1 0 -1
-1 0 1 1 -1 0 1 0 -1 1 0 1 1 -1 0 0 1 1 0 -1 1 -1 1 0 0 1 1 -1 1 -1 -1 1 1 0 -1
-1 -1 0 1 1 1 0 1 0 -1 0 0 1 1 -1 -1 0 1 1 0 0 1 -1 1 0 -1 1 1 -1 1 -1 1 1 0 -1
1 -1 -1 0 1 -1 1 0 1 0 -1 0 0 1 1 0 -1 0 1 1 0 0 1 -1 1 1 -1 1 1 -1 -1 1 1 0 -1
1 1 -1 -1 0 0 -1 1 0 1 1 -1 0 0 1 1 0 -1 0 1 1 0 0 1 -1 -1 1 -1 1 1 -1 1 1 0 -1
1 0 0 -1 0 1 -1 0 0 1 -1 0 1 1 0 0 1 1 0 -1 1 1 -1 1 -1 1 -1 1 1 -1 1 0 -1 1 -1
0 1 0 0 -1 1 1 -1 0 0 0 -1 0 1 1 -1 0 1 1 0 -1 1 1 -1 1 -1 1 -1 1 1 1 0 -1 1 -1
-1 0 1 0 0 0 1 1 -1 0 1 0 -1 0 1 0 -1 0 1 1 1 -1 1 1 -1 1 -1 1 -1 1 1 0 -1 1 -1
0 -1 0 1 0 0 0 1 1 -1 1 1 0 -1 0 1 0 -1 0 1 -1 1 -1 1 1 1 1 -1 1 -1 1 0 -1 1 -1
0 0 -1 0 1 -1 0 0 1 1 0 1 1 0 -1 1 1 0 -1 0 1 -1 1 -1 1 -1 1 1 -1 1 1 0 -1 1 -1
-1 -1 -1 -1 -1 -1 -1 -1 -1 -1 0 0 0 0 0 1 1 1 1 1 -1 -1 -1 -1 -1 1 1 1 1 1 0 0 0 0 0
-1 -1 -1 -1 -1 -1 -1 -1 -1 -1 1 1 1 1 1 -1 -1 -1 -1 -1 1 1 1 1 1 0 0 0 0 0 0 0 0 0 0
-1 -1 -1 -1 -1 0 0 0 0 0 -1 -1 -1 -1 -1 1 1 1 1 1 1 1 1 1 1 -1 -1 -1 -1 -1 0 0 0 0 0
-1 -1 -1 -1 -1 1 1 1 1 1 -1 -1 -1 -1 -1 -1 -1 -1 -1 -1 0 0 0 0 0 1 1 1 1 1 0 0 0 0 0
-1 -1 -1 -1 -1 1 1 1 1 1 1 1 1 1 1 0 0 0 0 0 -1 -1 -1 -1 -1 -1 -1 -1 -1 -1 0 0 0 0 0
