# Lambda = 0
# Method = Completion pair (7, 4) on core I
# Rank_5 = 15
# pi(0) = 7120
# pi(1) = 12705
# Symmetric = False
0 -1 1 1 -1 0 1 1 -1 -1 -1 0 0 0 1 1 -1 0 1 -1 1 0 1 -1 -1 0 0 -1 0 1 -1 -1 -1 -1 -1
-1 0 -1 1 1 -1 0 1 1 -1 1 -1 0 0 0 -1 1 -1 0 1 -1 1 0 1 -1 1 0 0 -1 0 -1 -1 -1 -1 -1
1 -1 0 -1 1 -1 -1 0 1 1 0 1 -1 0 0 1 -1 1 -1 0 -1 -1 1 0 1 0 1 0 0 -1 -1 -1 -1 -1 -1
1 1 -1 0 -1 1 -1 -1 0 1 0 0 1 -1 0 0 1 -1 1 -1 1 -1 -1 1 0 -1 0 1 0 0 -1 -1 -1 -1 -1
-1 1 1 -1 0 1 1 -1 -1 0 0 0 0 1 -1 -1 0 1 -1 1 0 1 -1 -1 1 0 -1 0 1 0 -1 -1 -1 -1 -1
0 -1 -1 1 1 1 0 0 0 0 1 1 -1 1 -1 -1 1 1 1 -1 1 -1 1 0 0 1 -1 0 1 0 -1 -1 0 1 1
1 0 -1 -1 1 0 1 0 0 0 -1 1 1 -1 1 -1 -1 1 1 1 0 1 -1 1 0 0 1 -1 0 1 -1 -1 0 1 1
1 1 0 -1 -1 0 0 1 0 0 1 -1 1 1 -1 1 -1 -1 1 1 0 0 1 -1 1 1 0 1 -1 0 -1 -1 0 1 1
-1 1 1 0 -1 0 0 0 1 0 -1 1 -1 1 1 1 1 -1 -1 1 1 0 0 1 -1 0 1 0 1 -1 -1 -1 0 1 1
-1 -1 1 1 0 0 0 0 0 1 1 -1 1 -1 1 1 1 1 -1 -1 -1 1 0 0 1 -1 0 1 0 1 -1 -1 0 1 1
-1 1 0 0 0 1 -1 1 -1 1 1 1 -1 -1 1 0 0 -1 1 1 -1 0 1 0 1 0 0 -1 1 1 0 1 -1 -1 1
0 -1 1 0 0 1 1 -1 1 -1 1 1 1 -1 -1 1 0 0 -1 1 1 -1 0 1 0 1 0 0 -1 1 0 1 -1 -1 1
0 0 -1 1 0 -1 1 1 -1 1 -1 1 1 1 -1 1 1 0 0 -1 0 1 -1 0 1 1 1 0 0 -1 0 1 -1 -1 1
0 0 0 -1 1 1 -1 1 1 -1 -1 -1 1 1 1 -1 1 1 0 0 1 0 1 -1 0 -1 1 1 0 0 0 1 -1 -1 1
1 0 0 0 -1 -1 1 -1 1 1 1 -1 -1 1 1 0 -1 1 1 0 0 1 0 1 -1 0 -1 1 1 0 0 1 -1 -1 1
1 -1 1 0 -1 -1 -1 1 1 1 0 1 1 -1 0 -1 1 0 0 1 1 1 0 -1 0 1 -1 0 1 0 -1 1 1 0 -1
-1 1 -1 1 0 1 -1 -1 1 1 0 0 1 1 -1 1 -1 1 0 0 0 1 1 0 -1 0 1 -1 0 1 -1 1 1 0 -1
0 -1 1 -1 1 1 1 -1 -1 1 -1 0 0 1 1 0 1 -1 1 0 -1 0 1 1 0 1 0 1 -1 0 -1 1 1 0 -1
1 0 -1 1 -1 1 1 1 -1 -1 1 -1 0 0 1 0 0 1 -1 1 0 -1 0 1 1 0 1 0 1 -1 -1 1 1 0 -1
-1 1 0 -1 1 -1 1 1 1 -1 1 1 -1 0 0 1 0 0 1 -1 1 0 -1 0 1 -1 0 1 0 1 -1 1 1 0 -1
1 -1 -1 1 0 1 0 0 1 -1 -1 1 0 1 0 1 0 -1 0 1 -1 1 0 0 1 -1 -1 1 1 1 1 0 -1 1 -1
0 1 -1 -1 1 -1 1 0 0 1 0 -1 1 0 1 1 1 0 -1 0 1 -1 1 0 0 1 -1 -1 1 1 1 0 -1 1 -1
1 0 1 -1 -1 1 -1 1 0 0 1 0 -1 1 0 0 1 1 0 -1 0 1 -1 1 0 1 1 -1 -1 1 1 0 -1 1 -1
-1 1 0 1 -1 0 1 -1 1 0 0 1 0 -1 1 -1 0 1 1 0 0 0 1 -1 1 1 1 1 -1 -1 1 0 -1 1 -1
-1 -1 1 0 1 0 0 1 -1 1 1 0 1 0 -1 0 -1 0 1 1 1 0 0 1 -1 -1 1 1 1 -1 1 0 -1 1 -1
0 1 0 -1 0 1 0 1 0 -1 0 1 1 -1 0 1 0 1 0 -1 -1 1 1 1 -1 1 -1 1 1 -1 1 -1 1 -1 0
0 0 1 0 -1 -1 1 0 1 0 0 0 1 1 -1 -1 1 0 1 0 -1 -1 1 1 1 -1 1 -1 1 1 1 -1 1 -1 0
-1 0 0 1 0 0 -1 1 0 1 -1 0 0 1 1 0 -1 1 0 1 1 -1 -1 1 1 1 -1 1 -1 1 1 -1 1 -1 0
0 -1 0 0 1 1 0 -1 1 0 1 -1 0 0 1 1 0 -1 1 0 1 1 -1 -1 1 1 1 -1 1 -1 1 -1 1 -1 0
1 0 -1 0 0 0 1 0 -1 1 1 1 -1 0 0 0 1 0 -1 1 1 1 1 -1 -1 -1 1 1 -1 1 1 -1 1 -1 0
-1 -1 -1 -1 -1 -1 -1 -1 -1 -1 -1 -1 -1 -1 -1 1 1 1 1 1 1 1 1 1 1 0 0 0 0 0 0 0 0 0 0
-1 -1 -1 -1 -1 -1 -1 -1 -1 -1 1 1 1 1 1 -1 -1 -1 -1 -1 0 0 0 0 0 1 1 1 1 1 0 0 0 0 0
-1 -1 -1 -1 -1 0 0 0 0 0 1 1 1 1 1 1 1 1 1 1 -1 -1 -1 -1 -1 -1 -1 -1 -1 -1 0 0 0 0 0
-1 -1 -1 -1 -1 1 1 1 1 1 -1 -1 -1 -1 -1 0 0 0 0 0 -1 -1 -1 -1 -1 1 1 1 1 1 0 0 0 0 0
-1 -1 -1 -1 -1 1 1 1 1 1 0 0 0 0 0 -1 -1 -1 -1 -1 1 1 1 1 1 -1 -1 -1 -1 -1 0 0 0 0 0
