# Lambda = 0
# Method = Completion pair (7, 7) on core II
# Rank_5 = 15
# pi(0) = 7175
# pi(1) = 12470
# Symmetric = True
0 1 -1 -1 1 -1 1 0 0 0 1 0 -1 1 -1 -1 1 0 1 -1 0 -1 -1 1 1 1 0 -1 0 0 -1 -1 -1 -1 -1
1 0 1 -1 -1 0 -1 1 0 0 -1 1 0 -1 1 -1 -1 1 0 1 1 0 -1 -1 1 0 1 0 -1 0 -1 -1 -1 -1 -1
-1 1 0 1 -1 0 0 -1 1 0 1 -1 1 0 -1 1 -1 -1 1 0 1 1 0 -1 -1 0 0 1 0 -1 -1 -1 -1 -1 -1
-1 -1 1 0 1 0 0 0 -1 1 -1 1 -1 1 0 0 1 -1 -1 1 -1 1 1 0 -1 -1 0 0 1 0 -1 -1 -1 -1 -1
1 -1 -1 1 0 1 0 0 0 -1 0 -1 1 -1 1 1 0 1 -1 -1 -1 -1 1 1 0 0 -1 0 0 1 -1 -1 -1 -1 -1
-1 0 0 0 1 1 -1 1 1 -1 1 -1 -1 1 1 0 1 1 -1 0 1 0 1 -1 0 1 1 0 0 -1 -1 -1 0 1 1
1 -1 0 0 0 -1 1 -1 1 1 1 1 -1 -1 1 0 0 1 1 -1 0 1 0 1 -1 -1 1 1 0 0 -1 -1 0 1 1
0 1 -1 0 0 1 -1 1 -1 1 1 1 1 -1 -1 -1 0 0 1 1 -1 0 1 0 1 0 -1 1 1 0 -1 -1 0 1 1
0 0 1 -1 0 1 1 -1 1 -1 -1 1 1 1 -1 1 -1 0 0 1 1 -1 0 1 0 0 0 -1 1 1 -1 -1 0 1 1
0 0 0 1 -1 -1 1 1 -1 1 -1 -1 1 1 1 1 1 -1 0 0 0 1 -1 0 1 1 0 0 -1 1 -1 -1 0 1 1
1 -1 1 -1 0 1 1 1 -1 -1 1 0 0 0 0 1 1 -1 1 -1 1 0 0 -1 1 -1 0 1 1 0 0 1 -1 -1 1
0 1 -1 1 -1 -1 1 1 1 -1 0 1 0 0 0 -1 1 1 -1 1 1 1 0 0 -1 0 -1 0 1 1 0 1 -1 -1 1
-1 0 1 -1 1 -1 -1 1 1 1 0 0 1 0 0 1 -1 1 1 -1 -1 1 1 0 0 1 0 -1 0 1 0 1 -1 -1 1
1 -1 0 1 -1 1 -1 -1 1 1 0 0 0 1 0 -1 1 -1 1 1 0 -1 1 1 0 1 1 0 -1 0 0 1 -1 -1 1
-1 1 -1 0 1 1 1 -1 -1 1 0 0 0 0 1 1 -1 1 -1 1 0 0 -1 1 1 0 1 1 0 -1 0 1 -1 -1 1
-1 -1 1 0 1 0 0 -1 1 1 1 -1 1 -1 1 -1 1 0 0 1 1 0 -1 0 1 0 -1 0 1 1 -1 1 1 0 -1
1 -1 -1 1 0 1 0 0 -1 1 1 1 -1 1 -1 1 -1 1 0 0 1 1 0 -1 0 1 0 -1 0 1 -1 1 1 0 -1
0 1 -1 -1 1 1 1 0 0 -1 -1 1 1 -1 1 0 1 -1 1 0 0 1 1 0 -1 1 1 0 -1 0 -1 1 1 0 -1
1 0 1 -1 -1 -1 1 1 0 0 1 -1 1 1 -1 0 0 1 -1 1 -1 0 1 1 0 0 1 1 0 -1 -1 1 1 0 -1
-1 1 0 1 -1 0 -1 1 1 0 -1 1 -1 1 1 1 0 0 1 -1 0 -1 0 1 1 -1 0 1 1 0 -1 1 1 0 -1
0 1 1 -1 -1 1 0 -1 1 0 1 1 -1 0 0 1 1 0 -1 0 -1 1 0 0 1 1 -1 1 -1 1 1 0 -1 1 -1
-1 0 1 1 -1 0 1 0 -1 1 0 1 1 -1 0 0 1 1 0 -1 1 -1 1 0 0 1 1 -1 1 -1 1 0 -1 1 -1
-1 -1 0 1 1 1 0 1 0 -1 0 0 1 1 -1 -1 0 1 1 0 0 1 -1 1 0 -1 1 1 -1 1 1 0 -1 1 -1
1 -1 -1 0 1 -1 1 0 1 0 -1 0 0 1 1 0 -1 0 1 1 0 0 1 -1 1 1 -1 1 1 -1 1 0 -1 1 -1
1 1 -1 -1 0 0 -1 1 0 1 1 -1 0 0 1 1 0 -1 0 1 1 0 0 1 -1 -1 1 -1 1 1 1 0 -1 1 -1
1 0 0 -1 0 1 -1 0 0 1 -1 0 1 1 0 0 1 1 0 -1 1 1 -1 1 -1 1 -1 1 1 -1 1 -1 1 -1 0
0 1 0 0 -1 1 1 -1 0 0 0 -1 0 1 1 -1 0 1 1 0 -1 1 1 -1 1 -1 1 -1 1 1 1 -1 1 -1 0
-1 0 1 0 0 0 1 1 -1 0 1 0 -1 0 1 0 -1 0 1 1 1 -1 1 1 -1 1 -1 1 -1 1 1 -1 1 -1 0
0 -1 0 1 0 0 0 1 1 -1 1 1 0 -1 0 1 0 -1 0 1 -1 1 -1 1 1 1 1 -1 1 -1 1 -1 1 -1 0
0 0 -1 0 1 -1 0 0 1 1 0 1 1 0 -1 1 1 0 -1 0 1 -1 1 -1 1 -1 1 1 -1 1 1 -1 1 -1 0
-1 -1 -1 -1 -1 -1 -1 -1 -1 -1 0 0 0 0 0 -1 -1 -1 -1 -1 1 1 1 1 1 1 1 1 1 1 0 0 0 0 0
-1 -1 -1 -1 -1 -1 -1 -1 -1 -1 1 1 1 1 1 1 1 1 1 1 0 0 0 0 0 -1 -1 -1 -1 -1 0 0 0 0 0
-1 -1 -1 -1 -1 0 0 0 0 0 -1 -1 -1 -1 -1 1 1 1 1 1 -1 -1 -1 -1 -1 1 1 1 1 1 0 0 0 0 0
-1 -1 -1 -1 -1 1 1 1 1 1 -1 -1 -1 -1 -1 0 0 0 0 0 1 1 1 1 1 -1 -1 -1 -1 -1 0 0 0 0 0
-1 -1 -1 -1 -1 1 1 1 1 1 1 1 1 1 1 -1 -1 -1 -1 -1 -1 -1 -1 -1 -1 0 0 0 0 0 0 0 0 0 0
