# Lambda = 0
# Method = Completion pair (9, 4) on core II
# Rank_5 = 16
# pi(0) = 6835
# pi(1) = 12715
# Symmetric = False
0 1 -1 -1 1 -1 1 0 0 0 1 0 -1 1 -1 -1 1 0 1 -1 0 -1 -1 1 1 1 0 -1 0 0 -1 -1 -1 -1 -1
1 0 1 -1 -1 0 -1 1 0 0 -1 1 0 -1 1 -1 -1 1 0 1 1 0 -1 -1 1 0 1 0 -1 0 -1 -1 -1 -1 -1
-1 1 0 1 -1 0 0 -1 1 0 1 -1 1 0 -1 1 -1 -1 1 0 1 1 0 -1 -1 0 0 1 0 -1 -1 -1 -1 -1 -1
-1 -1 1 0 1 0 0 0 -1 1 -1 1 -1 1 0 0 1 -1 -1 1 -1 1 1 0 -1 -1 0 0 1 0 -1 -1 -1 -1 -1
1 -1 -1 1 0 1 0 0 0 -1 0 -1 1 -1 1 1 0 1 -1 -1 -1 -1 1 1 0 0 -1 0 0 1 -1 -1 -1 -1 -1
-1 0 0 0 1 1 -1 1 1 -1 1 -1 -1 1 1 0 1 1 -1 0 1 0 1 -1 0 1 1 0 0 -1 -1 -1 0 1 1
1 -1 0 0 0 -1 1 -1 1 1 1 1 -1 -1 1 0 0 1 1 -1 0 1 0 1 -1 -1 1 1 0 0 -1 -1 0 1 1
0 1 -1 0 0 1 -1 1 -1 1 1 1 1 -1 -1 -1 0 0 1 1 -1 0 1 0 1 0 -1 1 1 0 -1 -1 0 1 1
0 0 1 -1 0 1 1 -1 1 -1 -1 1 1 1 -1 1 -1 0 0 1 1 -1 0 1 0 0 0 -1 1 1 -1 -1 0 1 1
0 0 0 1 -1 -1 1 1 -1 1 -1 -1 1 1 1 1 1 -1 0 0 0 1 -1 0 1 1 0 0 -1 1 -1 -1 0 1 1
1 -1 1 -1 0 1 1 1 -1 -1 1 0 0 0 0 1 1 -1 1 -1 1 0 0 -1 1 -1 0 1 1 0 0 1 -1 -1 1
0 1 -1 1 -1 -1 1 1 1 -1 0 1 0 0 0 -1 1 1 -1 1 1 1 0 0 -1 0 -1 0 1 1 0 1 -1 -1 1
-1 0 1 -1 1 -1 -1 1 1 1 0 0 1 0 0 1 -1 1 1 -1 -1 1 1 0 0 1 0 -1 0 1 0 1 -1 -1 1
1 -1 0 1 -1 1 -1 -1 1 1 0 0 0 1 0 -1 1 -1 1 1 0 -1 1 1 0 1 1 0 -1 0 0 1 -1 -1 1
-1 1 -1 0 1 1 1 -1 -1 1 0 0 0 0 1 1 -1 1 -1 1 0 0 -1 1 1 0 1 1 0 -1 0 1 -1 -1 1
-1 -1 1 0 1 0 0 -1 1 1 1 -1 1 -1 1 -1 1 0 0 1 1 0 -1 0 1 0 -1 0 1 1 1 0 -1 1 -1
1 -1 -1 1 0 1 0 0 -1 1 1 1 -1 1 -1 1 -1 1 0 0 1 1 0 -1 0 1 0 -1 0 1 1 0 -1 1 -1
0 1 -1 -1 1 1 1 0 0 -1 -1 1 1 -1 1 0 1 -1 1 0 0 1 1 0 -1 1 1 0 -1 0 1 0 -1 1 -1
1 0 1 -1 -1 -1 1 1 0 0 1 -1 1 1 -1 0 0 1 -1 1 -1 0 1 1 0 0 1 1 0 -1 1 0 -1 1 -1
-1 1 0 1 -1 0 -1 1 1 0 -1 1 -1 1 1 1 0 0 1 -1 0 -1 0 1 1 -1 0 1 1 0 1 0 -1 1 -1
0 1 1 -1 -1 1 0 -1 1 0 1 1 -1 0 0 1 1 0 -1 0 -1 1 0 0 1 1 -1 1 -1 1 -1 1 1 0 -1
-1 0 1 1 -1 0 1 0 -1 1 0 1 1 -1 0 0 1 1 0 -1 1 -1 1 0 0 1 1 -1 1 -1 -1 1 1 0 -1
-1 -1 0 1 1 1 0 1 0 -1 0 0 1 1 -1 -1 0 1 1 0 0 1 -1 1 0 -1 1 1 -1 1 -1 1 1 0 -1
1 -1 -1 0 1 -1 1 0 1 0 -1 0 0 1 1 0 -1 0 1 1 0 0 1 -1 1 1 -1 1 1 -1 -1 1 1 0 -1
1 1 -1 -1 0 0 -1 1 0 1 1 -1 0 0 1 1 0 -1 0 1 1 0 0 1 -1 -1 1 -1 1 1 -1 1 1 0 -1
1 0 0 -1 0 1 -1 0 0 1 -1 0 1 1 0 0 1 1 0 -1 1 1 -1 1 -1 1 -1 1 1 -1 1 -1 1 -1 0
0 1 0 0 -1 1 1 -1 0 0 0 -1 0 1 1 -1 0 1 1 0 -1 1 1 -1 1 -1 1 -1 1 1 1 -1 1 -1 0
-1 0 1 0 0 0 1 1 -1 0 1 0 -1 0 1 0 -1 0 1 1 1 -1 1 1 -1 1 -1 1 -1 1 1 -1 1 -1 0
0 -1 0 1 0 0 0 1 1 -1 1 1 0 -1 0 1 0 -1 0 1 -1 1 -1 1 1 1 1 -1 1 -1 1 -1 1 -1 0
0 0 -1 0 1 -1 0 0 1 1 0 1 1 0 -1 1 1 0 -1 0 1 -1 1 -1 1 -1 1 1 -1 1 1 -1 1 -1 0
-1 -1 -1 -1 -1 -1 -1 -1 -1 -1 -1 -1 -1 -1 -1 1 1 1 1 1 1 1 1 1 1 0 0 0 0 0 0 0 0 0 0
-1 -1 -1 -1 -1 -1 -1 -1 -1 -1 1 1 1 1 1 -1 -1 -1 -1 -1 0 0 0 0 0 1 1 1 1 1 0 0 0 0 0
-1 -1 -1 -1 -1 0 0 0 0 0 1 1 1 1 1 1 1 1 1 1 -1 -1 -1 -1 -1 -1 -1 -1 -1 -1 0 0 0 0 0
-1 -1 -1 -1 -1 1 1 1 1 1 -1 -1 -1 -1 -1 0 0 0 0 0 -1 -1 -1 -1 -1 1 1 1 1 1 0 0 0 0 0
-1 -1 -1 -1 -1 1 1 1 1 1 0 0 0 0 0 -1 -1 -1 -1 -1 1 1 1 1 1 -1 -1 -1 -1 -1 0 0 0 0 0
