# Lambda = 0
# Method = Completion pair (11, 9) on core I
# Rank_5 = 16
# pi(0) = 6920
# pi(1) = 12440
# Symmetric = False
0 -1 1 1 -1 0 1 1 -1 -1 -1 0 0 0 1 1 -1 0 1 -1 1 0 1 -1 -1 0 0 -1 0 1 -1 -1 -1 -1 -1
-1 0 -1 1 1 -1 0 1 1 -1 1 -1 0 0 0 -1 1 -1 0 1 -1 1 0 1 -1 1 0 0 -1 0 -1 -1 -1 -1 -1
1 -1 0 -1 1 -1 -1 0 1 1 0 1 -1 0 0 1 -1 1 -1 0 -1 -1 1 0 1 0 1 0 0 -1 -1 -1 -1 -1 -1
1 1 -1 0 -1 1 -1 -1 0 1 0 0 1 -1 0 0 1 -1 1 -1 1 -1 -1 1 0 -1 0 1 0 0 -1 -1 -1 -1 -1
-1 1 1 -1 0 1 1 -1 -1 0 0 0 0 1 -1 -1 0 1 -1 1 0 1 -1 -1 1 0 -1 0 1 0 -1 -1 -1 -1 -1
0 -1 -1 1 1 1 0 0 0 0 1 1 -1 1 -1 -1 1 1 1 -1 1 -1 1 0 0 1 -1 0 1 0 -1 -1 0 1 1
1 0 -1 -1 1 0 1 0 0 0 -1 1 1 -1 1 -1 -1 1 1 1 0 1 -1 1 0 0 1 -1 0 1 -1 -1 0 1 1
1 1 0 -1 -1 0 0 1 0 0 1 -1 1 1 -1 1 -1 -1 1 1 0 0 1 -1 1 1 0 1 -1 0 -1 -1 0 1 1
-1 1 1 0 -1 0 0 0 1 0 -1 1 -1 1 1 1 1 -1 -1 1 1 0 0 1 -1 0 1 0 1 -1 -1 -1 0 1 1
-1 -1 1 1 0 0 0 0 0 1 1 -1 1 -1 1 1 1 1 -1 -1 -1 1 0 0 1 -1 0 1 0 1 -1 -1 0 1 1
-1 1 0 0 0 1 -1 1 -1 1 1 1 -1 -1 1 0 0 -1 1 1 -1 0 1 0 1 0 0 -1 1 1 0 1 -1 -1 1
0 -1 1 0 0 1 1 -1 1 -1 1 1 1 -1 -1 1 0 0 -1 1 1 -1 0 1 0 1 0 0 -1 1 0 1 -1 -1 1
0 0 -1 1 0 -1 1 1 -1 1 -1 1 1 1 -1 1 1 0 0 -1 0 1 -1 0 1 1 1 0 0 -1 0 1 -1 -1 1
0 0 0 -1 1 1 -1 1 1 -1 -1 -1 1 1 1 -1 1 1 0 0 1 0 1 -1 0 -1 1 1 0 0 0 1 -1 -1 1
1 0 0 0 -1 -1 1 -1 1 1 1 -1 -1 1 1 0 -1 1 1 0 0 1 0 1 -1 0 -1 1 1 0 0 1 -1 -1 1
1 -1 1 0 -1 -1 -1 1 1 1 0 1 1 -1 0 -1 1 0 0 1 1 1 0 -1 0 1 -1 0 1 0 1 0 -1 1 -1
-1 1 -1 1 0 1 -1 -1 1 1 0 0 1 1 -1 1 -1 1 0 0 0 1 1 0 -1 0 1 -1 0 1 1 0 -1 1 -1
0 -1 1 -1 1 1 1 -1 -1 1 -1 0 0 1 1 0 1 -1 1 0 -1 0 1 1 0 1 0 1 -1 0 1 0 -1 1 -1
1 0 -1 1 -1 1 1 1 -1 -1 1 -1 0 0 1 0 0 1 -1 1 0 -1 0 1 1 0 1 0 1 -1 1 0 -1 1 -1
-1 1 0 -1 1 -1 1 1 1 -1 1 1 -1 0 0 1 0 0 1 -1 1 0 -1 0 1 -1 0 1 0 1 1 0 -1 1 -1
1 -1 -1 1 0 1 0 0 1 -1 -1 1 0 1 0 1 0 -1 0 1 -1 1 0 0 1 -1 -1 1 1 1 1 -1 1 -1 0
0 1 -1 -1 1 -1 1 0 0 1 0 -1 1 0 1 1 1 0 -1 0 1 -1 1 0 0 1 -1 -1 1 1 1 -1 1 -1 0
1 0 1 -1 -1 1 -1 1 0 0 1 0 -1 1 0 0 1 1 0 -1 0 1 -1 1 0 1 1 -1 -1 1 1 -1 1 -1 0
-1 1 0 1 -1 0 1 -1 1 0 0 1 0 -1 1 -1 0 1 1 0 0 0 1 -1 1 1 1 1 -1 -1 1 -1 1 -1 0
-1 -1 1 0 1 0 0 1 -1 1 1 0 1 0 -1 0 -1 0 1 1 1 0 0 1 -1 -1 1 1 1 -1 1 -1 1 -1 0
0 1 0 -1 0 1 0 1 0 -1 0 1 1 -1 0 1 0 1 0 -1 -1 1 1 1 -1 1 -1 1 1 -1 -1 1 1 0 -1
0 0 1 0 -1 -1 1 0 1 0 0 0 1 1 -1 -1 1 0 1 0 -1 -1 1 1 1 -1 1 -1 1 1 -1 1 1 0 -1
-1 0 0 1 0 0 -1 1 0 1 -1 0 0 1 1 0 -1 1 0 1 1 -1 -1 1 1 1 -1 1 -1 1 -1 1 1 0 -1
0 -1 0 0 1 1 0 -1 1 0 1 -1 0 0 1 1 0 -1 1 0 1 1 -1 -1 1 1 1 -1 1 -1 -1 1 1 0 -1
1 0 -1 0 0 0 1 0 -1 1 1 1 -1 0 0 0 1 0 -1 1 1 1 1 -1 -1 -1 1 1 -1 1 -1 1 1 0 -1
-1 -1 -1 -1 -1 -1 -1 -1 -1 -1 0 0 0 0 0 1 1 1 1 1 -1 -1 -1 -1 -1 1 1 1 1 1 0 0 0 0 0
-1 -1 -1 -1 -1 -1 -1 -1 -1 -1 1 1 1 1 1 0 0 0 0 0 1 1 1 1 1 -1 -1 -1 -1 -1 0 0 0 0 0
-1 -1 -1 -1 -1 0 0 0 0 0 -1 -1 -1 -1 -1 -1 -1 -1 -1 -1 1 1 1 1 1 1 1 1 1 1 0 0 0 0 0
-1 -1 -1 -1 -1 1 1 1 1 1 -1 -1 -1 -1 -1 1 1 1 1 1 0 0 0 0 0 -1 -1 -1 -1 -1 0 0 0 0 0
-1 -1 -1 -1 -1 1 1 1 1 1 1 1 1 1 1 -1 -1 -1 -1 -1 -1 -1 -1 -1 -1 0 0 0 0 0 0 0 0 0 0
