# Lambda = 0
# Method = Completion pair (0, 1) on core II
# Rank_5 = 16
# pi(0) = 7025
# pi(1) = 12520
# Symmetric = False
0 1 -1 -1 1 -1 1 0 0 0 1 0 -1 1 -1 -1 1 0 1 -1 0 -1 -1 1 1 1 0 -1 0 0 -1 -1 -1 -1 -1
1 0 1 -1 -1 0 -1 1 0 0 -1 1 0 -1 1 -1 -1 1 0 1 1 0 -1 -1 1 0 1 0 -1 0 -1 -1 -1 -1 -1
-1 1 0 1 -1 0 0 -1 1 0 1 -1 1 0 -1 1 -1 -1 1 0 1 1 0 -1 -1 0 0 1 0 -1 -1 -1 -1 -1 -1
-1 -1 1 0 1 0 0 0 -1 1 -1 1 -1 1 0 0 1 -1 -1 1 -1 1 1 0 -1 -1 0 0 1 0 -1 -1 -1 -1 -1
1 -1 -1 1 0 1 0 0 0 -1 0 -1 1 -1 1 1 0 1 -1 -1 -1 -1 1 1 0 0 -1 0 0 1 -1 -1 -1 -1 -1
-1 0 0 0 1 1 -1 1 1 -1 1 -1 -1 1 1 0 1 1 -1 0 1 0 1 -1 0 1 1 0 0 -1 -1 -1 0 1 1
1 -1 0 0 0 -1 1 -1 1 1 1 1 -1 -1 1 0 0 1 1 -1 0 1 0 1 -1 -1 1 1 0 0 -1 -1 0 1 1
0 1 -1 0 0 1 -1 1 -1 1 1 1 1 -1 -1 -1 0 0 1 1 -1 0 1 0 1 0 -1 1 1 0 -1 -1 0 1 1
0 0 1 -1 0 1 1 -1 1 -1 -1 1 1 1 -1 1 -1 0 0 1 1 -1 0 1 0 0 0 -1 1 1 -1 -1 0 1 1
0 0 0 1 -1 -1 1 1 -1 1 -1 -1 1 1 1 1 1 -1 0 0 0 1 -1 0 1 1 0 0 -1 1 -1 -1 0 1 1
1 -1 1 -1 0 1 1 1 -1 -1 1 0 0 0 0 1 1 -1 1 -1 1 0 0 -1 1 -1 0 1 1 0 -1 1 1 -1 0
0 1 -1 1 -1 -1 1 1 1 -1 0 1 0 0 0 -1 1 1 -1 1 1 1 0 0 -1 0 -1 0 1 1 -1 1 1 -1 0
-1 0 1 -1 1 -1 -1 1 1 1 0 0 1 0 0 1 -1 1 1 -1 -1 1 1 0 0 1 0 -1 0 1 -1 1 1 -1 0
1 -1 0 1 -1 1 -1 -1 1 1 0 0 0 1 0 -1 1 -1 1 1 0 -1 1 1 0 1 1 0 -1 0 -1 1 1 -1 0
-1 1 -1 0 1 1 1 -1 -1 1 0 0 0 0 1 1 -1 1 -1 1 0 0 -1 1 1 0 1 1 0 -1 -1 1 1 -1 0
-1 -1 1 0 1 0 0 -1 1 1 1 -1 1 -1 1 -1 1 0 0 1 1 0 -1 0 1 0 -1 0 1 1 0 1 -1 1 -1
1 -1 -1 1 0 1 0 0 -1 1 1 1 -1 1 -1 1 -1 1 0 0 1 1 0 -1 0 1 0 -1 0 1 0 1 -1 1 -1
0 1 -1 -1 1 1 1 0 0 -1 -1 1 1 -1 1 0 1 -1 1 0 0 1 1 0 -1 1 1 0 -1 0 0 1 -1 1 -1
1 0 1 -1 -1 -1 1 1 0 0 1 -1 1 1 -1 0 0 1 -1 1 -1 0 1 1 0 0 1 1 0 -1 0 1 -1 1 -1
-1 1 0 1 -1 0 -1 1 1 0 -1 1 -1 1 1 1 0 0 1 -1 0 -1 0 1 1 -1 0 1 1 0 0 1 -1 1 -1
0 1 1 -1 -1 1 0 -1 1 0 1 1 -1 0 0 1 1 0 -1 0 -1 1 0 0 1 1 -1 1 -1 1 1 -1 1 0 -1
-1 0 1 1 -1 0 1 0 -1 1 0 1 1 -1 0 0 1 1 0 -1 1 -1 1 0 0 1 1 -1 1 -1 1 -1 1 0 -1
-1 -1 0 1 1 1 0 1 0 -1 0 0 1 1 -1 -1 0 1 1 0 0 1 -1 1 0 -1 1 1 -1 1 1 -1 1 0 -1
1 -1 -1 0 1 -1 1 0 1 0 -1 0 0 1 1 0 -1 0 1 1 0 0 1 -1 1 1 -1 1 1 -1 1 -1 1 0 -1
1 1 -1 -1 0 0 -1 1 0 1 1 -1 0 0 1 1 0 -1 0 1 1 0 0 1 -1 -1 1 -1 1 1 1 -1 1 0 -1
1 0 0 -1 0 1 -1 0 0 1 -1 0 1 1 0 0 1 1 0 -1 1 1 -1 1 -1 1 -1 1 1 -1 1 0 -1 -1 1
0 1 0 0 -1 1 1 -1 0 0 0 -1 0 1 1 -1 0 1 1 0 -1 1 1 -1 1 -1 1 -1 1 1 1 0 -1 -1 1
-1 0 1 0 0 0 1 1 -1 0 1 0 -1 0 1 0 -1 0 1 1 1 -1 1 1 -1 1 -1 1 -1 1 1 0 -1 -1 1
0 -1 0 1 0 0 0 1 1 -1 1 1 0 -1 0 1 0 -1 0 1 -1 1 -1 1 1 1 1 -1 1 -1 1 0 -1 -1 1
0 0 -1 0 1 -1 0 0 1 1 0 1 1 0 -1 1 1 0 -1 0 1 -1 1 -1 1 -1 1 1 -1 1 1 0 -1 -1 1
-1 -1 -1 -1 -1 -1 -1 -1 -1 -1 -1 -1 -1 -1 -1 0 0 0 0 0 1 1 1 1 1 1 1 1 1 1 0 0 0 0 0
-1 -1 -1 -1 -1 -1 -1 -1 -1 -1 1 1 1 1 1 1 1 1 1 1 0 0 0 0 0 -1 -1 -1 -1 -1 0 0 0 0 0
-1 -1 -1 -1 -1 0 0 0 0 0 1 1 1 1 1 -1 -1 -1 -1 -1 -1 -1 -1 -1 -1 1 1 1 1 1 0 0 0 0 0
-1 -1 -1 -1 -1 1 1 1 1 1 -1 -1 -1 -1 -1 1 1 1 1 1 -1 -1 -1 -1 -1 0 0 0 0 0 0 0 0 0 0
-1 -1 -1 -1 -1 1 1 1 1 1 0 0 0 0 0 -1 -1 -1 -1 -1 1 1 1 1 1 -1 -1 -1 -1 -1 0 0 0 0 0
