# Lambda = 0
# Method = Completion pair (3, 0) on core IX
# Rank_5 = 17
# pi(0) = 6670
# pi(1) = 12905
# Symmetric = False
0 1 -1 -1 1 -1 0 1 0 0 -1 -1 1 1 0 -1 1 0 0 0 -1 -1 1 0 1 -1 0 1 -1 1 -1 -1 -1 -1 -1
1 0 1 -1 -1 0 -1 0 1 0 0 -1 -1 1 1 0 -1 1 0 0 1 -1 -1 1 0 1 -1 0 1 -1 -1 -1 -1 -1 -1
-1 1 0 1 -1 0 0 -1 0 1 1 0 -1 -1 1 0 0 -1 1 0 0 1 -1 -1 1 -1 1 -1 0 1 -1 -1 -1 -1 -1
-1 -1 1 0 1 1 0 0 -1 0 1 1 0 -1 -1 0 0 0 -1 1 1 0 1 -1 -1 1 -1 1 -1 0 -1 -1 -1 -1 -1
1 -1 -1 1 0 0 1 0 0 -1 -1 1 1 0 -1 1 0 0 0 -1 -1 1 0 1 -1 0 1 -1 1 -1 -1 -1 -1 -1 -1
-1 0 0 1 0 1 1 -1 -1 1 -1 0 1 0 1 0 1 -1 1 0 0 -1 0 1 1 1 -1 1 1 -1 -1 -1 0 1 1
0 -1 0 0 1 1 1 1 -1 -1 1 -1 0 1 0 0 0 1 -1 1 1 0 -1 0 1 -1 1 -1 1 1 -1 -1 0 1 1
1 0 -1 0 0 -1 1 1 1 -1 0 1 -1 0 1 1 0 0 1 -1 1 1 0 -1 0 1 -1 1 -1 1 -1 -1 0 1 1
0 1 0 -1 0 -1 -1 1 1 1 1 0 1 -1 0 -1 1 0 0 1 0 1 1 0 -1 1 1 -1 1 -1 -1 -1 0 1 1
0 0 1 0 -1 1 -1 -1 1 1 0 1 0 1 -1 1 -1 1 0 0 -1 0 1 1 0 -1 1 1 -1 1 -1 -1 0 1 1
-1 0 1 1 -1 -1 1 0 1 0 1 -1 1 1 -1 1 1 0 0 -1 1 -1 1 0 0 1 0 -1 0 1 -1 1 1 -1 0
-1 -1 0 1 1 0 -1 1 0 1 -1 1 -1 1 1 -1 1 1 0 0 0 1 -1 1 0 1 1 0 -1 0 -1 1 1 -1 0
1 -1 -1 0 1 1 0 -1 1 0 1 -1 1 -1 1 0 -1 1 1 0 0 0 1 -1 1 0 1 1 0 -1 -1 1 1 -1 0
1 1 -1 -1 0 0 1 0 -1 1 1 1 -1 1 -1 0 0 -1 1 1 1 0 0 1 -1 -1 0 1 1 0 -1 1 1 -1 0
0 1 1 -1 -1 1 0 1 0 -1 -1 1 1 -1 1 1 0 0 -1 1 -1 1 0 0 1 0 -1 0 1 1 -1 1 1 -1 0
-1 0 0 0 1 0 0 1 -1 1 1 -1 0 0 1 1 -1 1 1 -1 -1 1 1 1 -1 0 -1 0 1 1 1 0 -1 -1 1
1 -1 0 0 0 1 0 0 1 -1 1 1 -1 0 0 -1 1 -1 1 1 -1 -1 1 1 1 1 0 -1 0 1 1 0 -1 -1 1
0 1 -1 0 0 -1 1 0 0 1 0 1 1 -1 0 1 -1 1 -1 1 1 -1 -1 1 1 1 1 0 -1 0 1 0 -1 -1 1
0 0 1 -1 0 1 -1 1 0 0 0 0 1 1 -1 1 1 -1 1 -1 1 1 -1 -1 1 0 1 1 0 -1 1 0 -1 -1 1
0 0 0 1 -1 0 1 -1 1 0 -1 0 0 1 1 -1 1 1 -1 1 1 1 1 -1 -1 -1 0 1 1 0 1 0 -1 -1 1
-1 1 0 1 -1 0 1 1 0 -1 1 0 0 1 -1 -1 -1 1 1 1 -1 1 0 0 1 1 0 1 0 -1 0 1 -1 1 -1
-1 -1 1 0 1 -1 0 1 1 0 -1 1 0 0 1 1 -1 -1 1 1 1 -1 1 0 0 -1 1 0 1 0 0 1 -1 1 -1
1 -1 -1 1 0 0 -1 0 1 1 1 -1 1 0 0 1 1 -1 -1 1 0 1 -1 1 0 0 -1 1 0 1 0 1 -1 1 -1
0 1 -1 -1 1 1 0 -1 0 1 0 1 -1 1 0 1 1 1 -1 -1 0 0 1 -1 1 1 0 -1 1 0 0 1 -1 1 -1
1 0 1 -1 -1 1 1 0 -1 0 0 0 1 -1 1 -1 1 1 1 -1 1 0 0 1 -1 0 1 0 -1 1 0 1 -1 1 -1
-1 1 -1 1 0 1 -1 1 1 -1 1 1 0 -1 0 0 1 1 0 -1 1 -1 0 1 0 -1 0 1 1 0 1 -1 1 0 -1
0 -1 1 -1 1 -1 1 -1 1 1 0 1 1 0 -1 -1 0 1 1 0 0 1 -1 0 1 0 -1 0 1 1 1 -1 1 0 -1
1 0 -1 1 -1 1 -1 1 -1 1 -1 0 1 1 0 0 -1 0 1 1 1 0 1 -1 0 1 0 -1 0 1 1 -1 1 0 -1
-1 1 0 -1 1 1 1 -1 1 -1 0 -1 0 1 1 1 0 -1 0 1 0 1 0 1 -1 1 1 0 -1 0 1 -1 1 0 -1
1 -1 1 0 -1 -1 1 1 -1 1 1 0 -1 0 1 1 1 0 -1 0 -1 0 1 0 1 0 1 1 0 -1 1 -1 1 0 -1
-1 -1 -1 -1 -1 -1 -1 -1 -1 -1 -1 -1 -1 -1 -1 0 0 0 0 0 1 1 1 1 1 1 1 1 1 1 0 0 0 0 0
-1 -1 -1 -1 -1 -1 -1 -1 -1 -1 1 1 1 1 1 1 1 1 1 1 -1 -1 -1 -1 -1 0 0 0 0 0 0 0 0 0 0
-1 -1 -1 -1 -1 0 0 0 0 0 1 1 1 1 1 -1 -1 -1 -1 -1 1 1 1 1 1 -1 -1 -1 -1 -1 0 0 0 0 0
-1 -1 -1 -1 -1 1 1 1 1 1 -1 -1 -1 -1 -1 1 1 1 1 1 0 0 0 0 0 -1 -1 -1 -1 -1 0 0 0 0 0
-1 -1 -1 -1 -1 1 1 1 1 1 0 0 0 0 0 -1 -1 -1 -1 -1 -1 -1 -1 -1 -1 1 1 1 1 1 0 0 0 0 0
