# Lambda = 0
# Method = Completion pair (3, 3) on core IX
# Rank_5 = 17
# pi(0) = 6760
# pi(1) = 13140
# Symmetric = True
0 1 -1 -1 1 -1 0 1 0 0 -1 -1 1 1 0 -1 1 0 0 0 -1 -1 1 0 1 -1 0 1 -1 1 -1 -1 -1 -1 -1
1 0 1 -1 -1 0 -1 0 1 0 0 -1 -1 1 1 0 -1 1 0 0 1 -1 -1 1 0 1 -1 0 1 -1 -1 -1 -1 -1 -1
-1 1 0 1 -1 0 0 -1 0 1 1 0 -1 -1 1 0 0 -1 1 0 0 1 -1 -1 1 -1 1 -1 0 1 -1 -1 -1 -1 -1
-1 -1 1 0 1 1 0 0 -1 0 1 1 0 -1 -1 0 0 0 -1 1 1 0 1 -1 -1 1 -1 1 -1 0 -1 -1 -1 -1 -1
1 -1 -1 1 0 0 1 0 0 -1 -1 1 1 0 -1 1 0 0 0 -1 -1 1 0 1 -1 0 1 -1 1 -1 -1 -1 -1 -1 -1
-1 0 0 1 0 1 1 -1 -1 1 -1 0 1 0 1 0 1 -1 1 0 0 -1 0 1 1 1 -1 1 1 -1 -1 -1 0 1 1
0 -1 0 0 1 1 1 1 -1 -1 1 -1 0 1 0 0 0 1 -1 1 1 0 -1 0 1 -1 1 -1 1 1 -1 -1 0 1 1
1 0 -1 0 0 -1 1 1 1 -1 0 1 -1 0 1 1 0 0 1 -1 1 1 0 -1 0 1 -1 1 -1 1 -1 -1 0 1 1
0 1 0 -1 0 -1 -1 1 1 1 1 0 1 -1 0 -1 1 0 0 1 0 1 1 0 -1 1 1 -1 1 -1 -1 -1 0 1 1
0 0 1 0 -1 1 -1 -1 1 1 0 1 0 1 -1 1 -1 1 0 0 -1 0 1 1 0 -1 1 1 -1 1 -1 -1 0 1 1
-1 0 1 1 -1 -1 1 0 1 0 1 -1 1 1 -1 1 1 0 0 -1 1 -1 1 0 0 1 0 -1 0 1 -1 1 1 -1 0
-1 -1 0 1 1 0 -1 1 0 1 -1 1 -1 1 1 -1 1 1 0 0 0 1 -1 1 0 1 1 0 -1 0 -1 1 1 -1 0
1 -1 -1 0 1 1 0 -1 1 0 1 -1 1 -1 1 0 -1 1 1 0 0 0 1 -1 1 0 1 1 0 -1 -1 1 1 -1 0
1 1 -1 -1 0 0 1 0 -1 1 1 1 -1 1 -1 0 0 -1 1 1 1 0 0 1 -1 -1 0 1 1 0 -1 1 1 -1 0
0 1 1 -1 -1 1 0 1 0 -1 -1 1 1 -1 1 1 0 0 -1 1 -1 1 0 0 1 0 -1 0 1 1 -1 1 1 -1 0
-1 0 0 0 1 0 0 1 -1 1 1 -1 0 0 1 1 -1 1 1 -1 -1 1 1 1 -1 0 -1 0 1 1 1 0 -1 -1 1
1 -1 0 0 0 1 0 0 1 -1 1 1 -1 0 0 -1 1 -1 1 1 -1 -1 1 1 1 1 0 -1 0 1 1 0 -1 -1 1
0 1 -1 0 0 -1 1 0 0 1 0 1 1 -1 0 1 -1 1 -1 1 1 -1 -1 1 1 1 1 0 -1 0 1 0 -1 -1 1
0 0 1 -1 0 1 -1 1 0 0 0 0 1 1 -1 1 1 -1 1 -1 1 1 -1 -1 1 0 1 1 0 -1 1 0 -1 -1 1
0 0 0 1 -1 0 1 -1 1 0 -1 0 0 1 1 -1 1 1 -1 1 1 1 1 -1 -1 -1 0 1 1 0 1 0 -1 -1 1
-1 1 0 1 -1 0 1 1 0 -1 1 0 0 1 -1 -1 -1 1 1 1 -1 1 0 0 1 1 0 1 0 -1 0 1 -1 1 -1
-1 -1 1 0 1 -1 0 1 1 0 -1 1 0 0 1 1 -1 -1 1 1 1 -1 1 0 0 -1 1 0 1 0 0 1 -1 1 -1
1 -1 -1 1 0 0 -1 0 1 1 1 -1 1 0 0 1 1 -1 -1 1 0 1 -1 1 0 0 -1 1 0 1 0 1 -1 1 -1
0 1 -1 -1 1 1 0 -1 0 1 0 1 -1 1 0 1 1 1 -1 -1 0 0 1 -1 1 1 0 -1 1 0 0 1 -1 1 -1
1 0 1 -1 -1 1 1 0 -1 0 0 0 1 -1 1 -1 1 1 1 -1 1 0 0 1 -1 0 1 0 -1 1 0 1 -1 1 -1
-1 1 -1 1 0 1 -1 1 1 -1 1 1 0 -1 0 0 1 1 0 -1 1 -1 0 1 0 -1 0 1 1 0 1 -1 1 0 -1
0 -1 1 -1 1 -1 1 -1 1 1 0 1 1 0 -1 -1 0 1 1 0 0 1 -1 0 1 0 -1 0 1 1 1 -1 1 0 -1
1 0 -1 1 -1 1 -1 1 -1 1 -1 0 1 1 0 0 -1 0 1 1 1 0 1 -1 0 1 0 -1 0 1 1 -1 1 0 -1
-1 1 0 -1 1 1 1 -1 1 -1 0 -1 0 1 1 1 0 -1 0 1 0 1 0 1 -1 1 1 0 -1 0 1 -1 1 0 -1
1 -1 1 0 -1 -1 1 1 -1 1 1 0 -1 0 1 1 1 0 -1 0 -1 0 1 0 1 0 1 1 0 -1 1 -1 1 0 -1
-1 -1 -1 -1 -1 -1 -1 -1 -1 -1 -1 -1 -1 -1 -1 1 1 1 1 1 0 0 0 0 0 1 1 1 1 1 0 0 0 0 0
-1 -1 -1 -1 -1 -1 -1 -1 -1 -1 1 1 1 1 1 0 0 0 0 0 1 1 1 1 1 -1 -1 -1 -1 -1 0 0 0 0 0
-1 -1 -1 -1 -1 0 0 0 0 0 1 1 1 1 1 -1 -1 -1 -1 -1 -1 -1 -1 -1 -1 1 1 1 1 1 0 0 0 0 0
-1 -1 -1 -1 -1 1 1 1 1 1 -1 -1 -1 -1 -1 -1 -1 -1 -1 -1 1 1 1 1 1 0 0 0 0 0 0 0 0 0 0
-1 -1 -1 -1 -1 1 1 1 1 1 0 0 0 0 0 1 1 1 1 1 -1 -1 -1 -1 -1 -1 -1 -1 -1 -1 0 0 0 0 0
