# Lambda = 0
# Method = Completion pair (0, 0) on core IX
# Rank_5 = 17
# pi(0) = 6840
# pi(1) = 12835
# Symmetric = True
0 1 -1 -1 1 -1 0 1 0 0 -1 -1 1 1 0 -1 1 0 0 0 -1 -1 1 0 1 -1 0 1 -1 1 -1 -1 -1 -1 -1
1 0 1 -1 -1 0 -1 0 1 0 0 -1 -1 1 1 0 -1 1 0 0 1 -1 -1 1 0 1 -1 0 1 -1 -1 -1 -1 -1 -1
-1 1 0 1 -1 0 0 -1 0 1 1 0 -1 -1 1 0 0 -1 1 0 0 1 -1 -1 1 -1 1 -1 0 1 -1 -1 -1 -1 -1
-1 -1 1 0 1 1 0 0 -1 0 1 1 0 -1 -1 0 0 0 -1 1 1 0 1 -1 -1 1 -1 1 -1 0 -1 -1 -1 -1 -1
1 -1 -1 1 0 0 1 0 0 -1 -1 1 1 0 -1 1 0 0 0 -1 -1 1 0 1 -1 0 1 -1 1 -1 -1 -1 -1 -1 -1
-1 0 0 1 0 1 1 -1 -1 1 -1 0 1 0 1 0 1 -1 1 0 0 -1 0 1 1 1 -1 1 1 -1 -1 -1 0 1 1
0 -1 0 0 1 1 1 1 -1 -1 1 -1 0 1 0 0 0 1 -1 1 1 0 -1 0 1 -1 1 -1 1 1 -1 -1 0 1 1
1 0 -1 0 0 -1 1 1 1 -1 0 1 -1 0 1 1 0 0 1 -1 1 1 0 -1 0 1 -1 1 -1 1 -1 -1 0 1 1
0 1 0 -1 0 -1 -1 1 1 1 1 0 1 -1 0 -1 1 0 0 1 0 1 1 0 -1 1 1 -1 1 -1 -1 -1 0 1 1
0 0 1 0 -1 1 -1 -1 1 1 0 1 0 1 -1 1 -1 1 0 0 -1 0 1 1 0 -1 1 1 -1 1 -1 -1 0 1 1
-1 0 1 1 -1 -1 1 0 1 0 1 -1 1 1 -1 1 1 0 0 -1 1 -1 1 0 0 1 0 -1 0 1 -1 1 1 -1 0
-1 -1 0 1 1 0 -1 1 0 1 -1 1 -1 1 1 -1 1 1 0 0 0 1 -1 1 0 1 1 0 -1 0 -1 1 1 -1 0
1 -1 -1 0 1 1 0 -1 1 0 1 -1 1 -1 1 0 -1 1 1 0 0 0 1 -1 1 0 1 1 0 -1 -1 1 1 -1 0
1 1 -1 -1 0 0 1 0 -1 1 1 1 -1 1 -1 0 0 -1 1 1 1 0 0 1 -1 -1 0 1 1 0 -1 1 1 -1 0
0 1 1 -1 -1 1 0 1 0 -1 -1 1 1 -1 1 1 0 0 -1 1 -1 1 0 0 1 0 -1 0 1 1 -1 1 1 -1 0
-1 0 0 0 1 0 0 1 -1 1 1 -1 0 0 1 1 -1 1 1 -1 -1 1 1 1 -1 0 -1 0 1 1 0 1 -1 1 -1
1 -1 0 0 0 1 0 0 1 -1 1 1 -1 0 0 -1 1 -1 1 1 -1 -1 1 1 1 1 0 -1 0 1 0 1 -1 1 -1
0 1 -1 0 0 -1 1 0 0 1 0 1 1 -1 0 1 -1 1 -1 1 1 -1 -1 1 1 1 1 0 -1 0 0 1 -1 1 -1
0 0 1 -1 0 1 -1 1 0 0 0 0 1 1 -1 1 1 -1 1 -1 1 1 -1 -1 1 0 1 1 0 -1 0 1 -1 1 -1
0 0 0 1 -1 0 1 -1 1 0 -1 0 0 1 1 -1 1 1 -1 1 1 1 1 -1 -1 -1 0 1 1 0 0 1 -1 1 -1
-1 1 0 1 -1 0 1 1 0 -1 1 0 0 1 -1 -1 -1 1 1 1 -1 1 0 0 1 1 0 1 0 -1 1 -1 1 0 -1
-1 -1 1 0 1 -1 0 1 1 0 -1 1 0 0 1 1 -1 -1 1 1 1 -1 1 0 0 -1 1 0 1 0 1 -1 1 0 -1
1 -1 -1 1 0 0 -1 0 1 1 1 -1 1 0 0 1 1 -1 -1 1 0 1 -1 1 0 0 -1 1 0 1 1 -1 1 0 -1
0 1 -1 -1 1 1 0 -1 0 1 0 1 -1 1 0 1 1 1 -1 -1 0 0 1 -1 1 1 0 -1 1 0 1 -1 1 0 -1
1 0 1 -1 -1 1 1 0 -1 0 0 0 1 -1 1 -1 1 1 1 -1 1 0 0 1 -1 0 1 0 -1 1 1 -1 1 0 -1
-1 1 -1 1 0 1 -1 1 1 -1 1 1 0 -1 0 0 1 1 0 -1 1 -1 0 1 0 -1 0 1 1 0 1 0 -1 -1 1
0 -1 1 -1 1 -1 1 -1 1 1 0 1 1 0 -1 -1 0 1 1 0 0 1 -1 0 1 0 -1 0 1 1 1 0 -1 -1 1
1 0 -1 1 -1 1 -1 1 -1 1 -1 0 1 1 0 0 -1 0 1 1 1 0 1 -1 0 1 0 -1 0 1 1 0 -1 -1 1
-1 1 0 -1 1 1 1 -1 1 -1 0 -1 0 1 1 1 0 -1 0 1 0 1 0 1 -1 1 1 0 -1 0 1 0 -1 -1 1
1 -1 1 0 -1 -1 1 1 -1 1 1 0 -1 0 1 1 1 0 -1 0 -1 0 1 0 1 0 1 1 0 -1 1 0 -1 -1 1
-1 -1 -1 -1 -1 -1 -1 -1 -1 -1 -1 -1 -1 -1 -1 0 0 0 0 0 1 1 1 1 1 1 1 1 1 1 0 0 0 0 0
-1 -1 -1 -1 -1 -1 -1 -1 -1 -1 1 1 1 1 1 1 1 1 1 1 -1 -1 -1 -1 -1 0 0 0 0 0 0 0 0 0 0
-1 -1 -1 -1 -1 0 0 0 0 0 1 1 1 1 1 -1 -1 -1 -1 -1 1 1 1 1 1 -1 -1 -1 -1 -1 0 0 0 0 0
-1 -1 -1 -1 -1 1 1 1 1 1 -1 -1 -1 -1 -1 1 1 1 1 1 0 0 0 0 0 -1 -1 -1 -1 -1 0 0 0 0 0
-1 -1 -1 -1 -1 1 1 1 1 1 0 0 0 0 0 -1 -1 -1 -1 -1 -1 -1 -1 -1 -1 1 1 1 1 1 0 0 0 0 0
