# Lambda = 0
# Method = Completion pair (5, 10) on core I
# Rank_5 = 17
# pi(0) = 6910
# pi(1) = 12670
# Symmetric = False
0 -1 1 1 -1 0 1 1 -1 -1 -1 0 0 0 1 1 -1 0 1 -1 1 0 1 -1 -1 0 0 -1 0 1 -1 -1 -1 -1 -1
-1 0 -1 1 1 -1 0 1 1 -1 1 -1 0 0 0 -1 1 -1 0 1 -1 1 0 1 -1 1 0 0 -1 0 -1 -1 -1 -1 -1
1 -1 0 -1 1 -1 -1 0 1 1 0 1 -1 0 0 1 -1 1 -1 0 -1 -1 1 0 1 0 1 0 0 -1 -1 -1 -1 -1 -1
1 1 -1 0 -1 1 -1 -1 0 1 0 0 1 -1 0 0 1 -1 1 -1 1 -1 -1 1 0 -1 0 1 0 0 -1 -1 -1 -1 -1
-1 1 1 -1 0 1 1 -1 -1 0 0 0 0 1 -1 -1 0 1 -1 1 0 1 -1 -1 1 0 -1 0 1 0 -1 -1 -1 -1 -1
0 -1 -1 1 1 1 0 0 0 0 1 1 -1 1 -1 -1 1 1 1 -1 1 -1 1 0 0 1 -1 0 1 0 -1 -1 0 1 1
1 0 -1 -1 1 0 1 0 0 0 -1 1 1 -1 1 -1 -1 1 1 1 0 1 -1 1 0 0 1 -1 0 1 -1 -1 0 1 1
1 1 0 -1 -1 0 0 1 0 0 1 -1 1 1 -1 1 -1 -1 1 1 0 0 1 -1 1 1 0 1 -1 0 -1 -1 0 1 1
-1 1 1 0 -1 0 0 0 1 0 -1 1 -1 1 1 1 1 -1 -1 1 1 0 0 1 -1 0 1 0 1 -1 -1 -1 0 1 1
-1 -1 1 1 0 0 0 0 0 1 1 -1 1 -1 1 1 1 1 -1 -1 -1 1 0 0 1 -1 0 1 0 1 -1 -1 0 1 1
-1 1 0 0 0 1 -1 1 -1 1 1 1 -1 -1 1 0 0 -1 1 1 -1 0 1 0 1 0 0 -1 1 1 -1 1 1 -1 0
0 -1 1 0 0 1 1 -1 1 -1 1 1 1 -1 -1 1 0 0 -1 1 1 -1 0 1 0 1 0 0 -1 1 -1 1 1 -1 0
0 0 -1 1 0 -1 1 1 -1 1 -1 1 1 1 -1 1 1 0 0 -1 0 1 -1 0 1 1 1 0 0 -1 -1 1 1 -1 0
0 0 0 -1 1 1 -1 1 1 -1 -1 -1 1 1 1 -1 1 1 0 0 1 0 1 -1 0 -1 1 1 0 0 -1 1 1 -1 0
1 0 0 0 -1 -1 1 -1 1 1 1 -1 -1 1 1 0 -1 1 1 0 0 1 0 1 -1 0 -1 1 1 0 -1 1 1 -1 0
1 -1 1 0 -1 -1 -1 1 1 1 0 1 1 -1 0 -1 1 0 0 1 1 1 0 -1 0 1 -1 0 1 0 1 0 -1 -1 1
-1 1 -1 1 0 1 -1 -1 1 1 0 0 1 1 -1 1 -1 1 0 0 0 1 1 0 -1 0 1 -1 0 1 1 0 -1 -1 1
0 -1 1 -1 1 1 1 -1 -1 1 -1 0 0 1 1 0 1 -1 1 0 -1 0 1 1 0 1 0 1 -1 0 1 0 -1 -1 1
1 0 -1 1 -1 1 1 1 -1 -1 1 -1 0 0 1 0 0 1 -1 1 0 -1 0 1 1 0 1 0 1 -1 1 0 -1 -1 1
-1 1 0 -1 1 -1 1 1 1 -1 1 1 -1 0 0 1 0 0 1 -1 1 0 -1 0 1 -1 0 1 0 1 1 0 -1 -1 1
1 -1 -1 1 0 1 0 0 1 -1 -1 1 0 1 0 1 0 -1 0 1 -1 1 0 0 1 -1 -1 1 1 1 1 -1 1 0 -1
0 1 -1 -1 1 -1 1 0 0 1 0 -1 1 0 1 1 1 0 -1 0 1 -1 1 0 0 1 -1 -1 1 1 1 -1 1 0 -1
1 0 1 -1 -1 1 -1 1 0 0 1 0 -1 1 0 0 1 1 0 -1 0 1 -1 1 0 1 1 -1 -1 1 1 -1 1 0 -1
-1 1 0 1 -1 0 1 -1 1 0 0 1 0 -1 1 -1 0 1 1 0 0 0 1 -1 1 1 1 1 -1 -1 1 -1 1 0 -1
-1 -1 1 0 1 0 0 1 -1 1 1 0 1 0 -1 0 -1 0 1 1 1 0 0 1 -1 -1 1 1 1 -1 1 -1 1 0 -1
0 1 0 -1 0 1 0 1 0 -1 0 1 1 -1 0 1 0 1 0 -1 -1 1 1 1 -1 1 -1 1 1 -1 0 1 -1 1 -1
0 0 1 0 -1 -1 1 0 1 0 0 0 1 1 -1 -1 1 0 1 0 -1 -1 1 1 1 -1 1 -1 1 1 0 1 -1 1 -1
-1 0 0 1 0 0 -1 1 0 1 -1 0 0 1 1 0 -1 1 0 1 1 -1 -1 1 1 1 -1 1 -1 1 0 1 -1 1 -1
0 -1 0 0 1 1 0 -1 1 0 1 -1 0 0 1 1 0 -1 1 0 1 1 -1 -1 1 1 1 -1 1 -1 0 1 -1 1 -1
1 0 -1 0 0 0 1 0 -1 1 1 1 -1 0 0 0 1 0 -1 1 1 1 1 -1 -1 -1 1 1 -1 1 0 1 -1 1 -1
-1 -1 -1 -1 -1 -1 -1 -1 -1 -1 0 0 0 0 0 1 1 1 1 1 1 1 1 1 1 -1 -1 -1 -1 -1 0 0 0 0 0
-1 -1 -1 -1 -1 -1 -1 -1 -1 -1 1 1 1 1 1 -1 -1 -1 -1 -1 0 0 0 0 0 1 1 1 1 1 0 0 0 0 0
-1 -1 -1 -1 -1 0 0 0 0 0 -1 -1 -1 -1 -1 1 1 1 1 1 -1 -1 -1 -1 -1 1 1 1 1 1 0 0 0 0 0
-1 -1 -1 -1 -1 1 1 1 1 1 -1 -1 -1 -1 -1 -1 -1 -1 -1 -1 1 1 1 1 1 0 0 0 0 0 0 0 0 0 0
-1 -1 -1 -1 -1 1 1 1 1 1 1 1 1 1 1 0 0 0 0 0 -1 -1 -1 -1 -1 -1 -1 -1 -1 -1 0 0 0 0 0
