# Lambda = 0
# Method = Completion pair (1, 5) on core II
# Rank_5 = 17
# pi(0) = 7040
# pi(1) = 12705
# Symmetric = False
0 1 -1 -1 1 -1 1 0 0 0 1 0 -1 1 -1 -1 1 0 1 -1 0 -1 -1 1 1 1 0 -1 0 0 -1 -1 -1 -1 -1
1 0 1 -1 -1 0 -1 1 0 0 -1 1 0 -1 1 -1 -1 1 0 1 1 0 -1 -1 1 0 1 0 -1 0 -1 -1 -1 -1 -1
-1 1 0 1 -1 0 0 -1 1 0 1 -1 1 0 -1 1 -1 -1 1 0 1 1 0 -1 -1 0 0 1 0 -1 -1 -1 -1 -1 -1
-1 -1 1 0 1 0 0 0 -1 1 -1 1 -1 1 0 0 1 -1 -1 1 -1 1 1 0 -1 -1 0 0 1 0 -1 -1 -1 -1 -1
1 -1 -1 1 0 1 0 0 0 -1 0 -1 1 -1 1 1 0 1 -1 -1 -1 -1 1 1 0 0 -1 0 0 1 -1 -1 -1 -1 -1
-1 0 0 0 1 1 -1 1 1 -1 1 -1 -1 1 1 0 1 1 -1 0 1 0 1 -1 0 1 1 0 0 -1 -1 -1 0 1 1
1 -1 0 0 0 -1 1 -1 1 1 1 1 -1 -1 1 0 0 1 1 -1 0 1 0 1 -1 -1 1 1 0 0 -1 -1 0 1 1
0 1 -1 0 0 1 -1 1 -1 1 1 1 1 -1 -1 -1 0 0 1 1 -1 0 1 0 1 0 -1 1 1 0 -1 -1 0 1 1
0 0 1 -1 0 1 1 -1 1 -1 -1 1 1 1 -1 1 -1 0 0 1 1 -1 0 1 0 0 0 -1 1 1 -1 -1 0 1 1
0 0 0 1 -1 -1 1 1 -1 1 -1 -1 1 1 1 1 1 -1 0 0 0 1 -1 0 1 1 0 0 -1 1 -1 -1 0 1 1
1 -1 1 -1 0 1 1 1 -1 -1 1 0 0 0 0 1 1 -1 1 -1 1 0 0 -1 1 -1 0 1 1 0 -1 1 1 -1 0
0 1 -1 1 -1 -1 1 1 1 -1 0 1 0 0 0 -1 1 1 -1 1 1 1 0 0 -1 0 -1 0 1 1 -1 1 1 -1 0
-1 0 1 -1 1 -1 -1 1 1 1 0 0 1 0 0 1 -1 1 1 -1 -1 1 1 0 0 1 0 -1 0 1 -1 1 1 -1 0
1 -1 0 1 -1 1 -1 -1 1 1 0 0 0 1 0 -1 1 -1 1 1 0 -1 1 1 0 1 1 0 -1 0 -1 1 1 -1 0
-1 1 -1 0 1 1 1 -1 -1 1 0 0 0 0 1 1 -1 1 -1 1 0 0 -1 1 1 0 1 1 0 -1 -1 1 1 -1 0
-1 -1 1 0 1 0 0 -1 1 1 1 -1 1 -1 1 -1 1 0 0 1 1 0 -1 0 1 0 -1 0 1 1 0 1 -1 1 -1
1 -1 -1 1 0 1 0 0 -1 1 1 1 -1 1 -1 1 -1 1 0 0 1 1 0 -1 0 1 0 -1 0 1 0 1 -1 1 -1
0 1 -1 -1 1 1 1 0 0 -1 -1 1 1 -1 1 0 1 -1 1 0 0 1 1 0 -1 1 1 0 -1 0 0 1 -1 1 -1
1 0 1 -1 -1 -1 1 1 0 0 1 -1 1 1 -1 0 0 1 -1 1 -1 0 1 1 0 0 1 1 0 -1 0 1 -1 1 -1
-1 1 0 1 -1 0 -1 1 1 0 -1 1 -1 1 1 1 0 0 1 -1 0 -1 0 1 1 -1 0 1 1 0 0 1 -1 1 -1
0 1 1 -1 -1 1 0 -1 1 0 1 1 -1 0 0 1 1 0 -1 0 -1 1 0 0 1 1 -1 1 -1 1 1 0 -1 -1 1
-1 0 1 1 -1 0 1 0 -1 1 0 1 1 -1 0 0 1 1 0 -1 1 -1 1 0 0 1 1 -1 1 -1 1 0 -1 -1 1
-1 -1 0 1 1 1 0 1 0 -1 0 0 1 1 -1 -1 0 1 1 0 0 1 -1 1 0 -1 1 1 -1 1 1 0 -1 -1 1
1 -1 -1 0 1 -1 1 0 1 0 -1 0 0 1 1 0 -1 0 1 1 0 0 1 -1 1 1 -1 1 1 -1 1 0 -1 -1 1
1 1 -1 -1 0 0 -1 1 0 1 1 -1 0 0 1 1 0 -1 0 1 1 0 0 1 -1 -1 1 -1 1 1 1 0 -1 -1 1
1 0 0 -1 0 1 -1 0 0 1 -1 0 1 1 0 0 1 1 0 -1 1 1 -1 1 -1 1 -1 1 1 -1 1 -1 1 0 -1
0 1 0 0 -1 1 1 -1 0 0 0 -1 0 1 1 -1 0 1 1 0 -1 1 1 -1 1 -1 1 -1 1 1 1 -1 1 0 -1
-1 0 1 0 0 0 1 1 -1 0 1 0 -1 0 1 0 -1 0 1 1 1 -1 1 1 -1 1 -1 1 -1 1 1 -1 1 0 -1
0 -1 0 1 0 0 0 1 1 -1 1 1 0 -1 0 1 0 -1 0 1 -1 1 -1 1 1 1 1 -1 1 -1 1 -1 1 0 -1
0 0 -1 0 1 -1 0 0 1 1 0 1 1 0 -1 1 1 0 -1 0 1 -1 1 -1 1 -1 1 1 -1 1 1 -1 1 0 -1
-1 -1 -1 -1 -1 -1 -1 -1 -1 -1 -1 -1 -1 -1 -1 1 1 1 1 1 1 1 1 1 1 0 0 0 0 0 0 0 0 0 0
-1 -1 -1 -1 -1 -1 -1 -1 -1 -1 1 1 1 1 1 0 0 0 0 0 -1 -1 -1 -1 -1 1 1 1 1 1 0 0 0 0 0
-1 -1 -1 -1 -1 0 0 0 0 0 1 1 1 1 1 -1 -1 -1 -1 -1 1 1 1 1 1 -1 -1 -1 -1 -1 0 0 0 0 0
-1 -1 -1 -1 -1 1 1 1 1 1 -1 -1 -1 -1 -1 -1 -1 -1 -1 -1 0 0 0 0 0 1 1 1 1 1 0 0 0 0 0
-1 -1 -1 -1 -1 1 1 1 1 1 0 0 0 0 0 1 1 1 1 1 -1 -1 -1 -1 -1 -1 -1 -1 -1 -1 0 0 0 0 0
